relictMORE.0.0001	relictMORE.0.001	relictMORE.0.01	nonrelictMORE.0.0001	nonrelictMORE.0.001	nonrelictMORE.0.01
True	0.127407	0.05741235	0.0478142	0.164902	0.1375545	0.109627
background1	0.0736701	0.07817645	0.0688924	0.210535	0.0999158	0.09346655
background2	0.0838202	0.09929045	0.0588395	0.0727729	0.1037255	0.0984196
background3	0.0488883	0.06623075	0.0612245	0.186956	0.1050725	0.108746
background4	0.101834	0.09838285	0.0626357	0.126067	0.1157115	0.0997554
background5	-0.00345447	0.0884809	0.0649231	0.0775122	0.10536	0.09809785
background6	0.018654	0.0930834	0.0687536	0.184027	0.128578	0.09993205
background7	0.099259	0.07986345	0.0636915	0.184253	0.132953	0.102279
background8	0.0568287	0.06375915	0.0685662	0.162589	0.13039	0.0941211
background9	0.0978902	0.0870647	0.0647546	0.0722205	0.124309	0.10047
background10	-0.00804498	0.07180915	0.0545714	0.175628	0.1225165	0.099567
background11	0.0584379	0.08924485	0.0702878	0.140726	0.110437	0.0967973
background12	0.000362812	0.057568	0.0626357	0.140366	0.1056275	0.110242
background13	0.105845	0.08600945	0.0669064	0.153061	0.1142955	0.104721
background14	0.04087	0.0774113	0.0641496	0.10062	0.117207	0.1033805
background15	0.0418348	0.07294335	0.0632296	0.128902	0.106733	0.0987143
background16	0.121092	0.0826397	0.0594719	0.16604	0.1067805	0.09616615
background17	0.0151143	0.08033055	0.0730328	0.173469	0.124622	0.100381
background18	0.0735459	0.0589864	0.0578725	0.188485	0.118233	0.101387
background19	0.0838304	0.094644	0.0627859	0.12503	0.150793	0.09996625
background20	0.0584762	0.101091	0.0670138	0.0927141	0.1308715	0.0978942
background21	0.10047	0.0938227	0.073592	0.137991	0.114954	0.10259
background22	0.0291122	0.06292555	0.0585867	0.133175	0.1049445	0.099259
background23	0.0513111	0.0669287	0.0640363	0.204457	0.1032965	0.09733945
background24	0.102041	0.08206355	0.0658199	0.120596	0.117403	0.105722
background25	0.0234323	0.05980005	0.0643383	0.147406	0.120629	0.0957388
background26	0.0455774	0.06843765	0.060887	0.193878	0.117553	0.10047
background27	0.0612938	0.0666398	0.0637527	0.088606	0.10153	0.09932145
background28	0.10129	0.07462225	0.0638029	0.107932	0.0987103	0.1070045
background29	0.095334	0.0868814	0.0580192	0.154586	0.1004012	0.1016895
background30	0.0308595	0.08655985	0.0663512	0.208242	0.1165825	0.106654
background31	-0.000203092	0.08545925	0.0689194	0.159502	0.09533045	0.09837335
background32	0.0258546	0.104932	0.0688817	0.158188	0.08410905	0.100449
background33	0.112985	0.0930465	0.0626357	0.0847057	0.1153455	0.0933895
background34	0.098722	0.07640385	0.0636019	0.167173	0.110497	0.0990221
background35	0.0718548	0.0812242	0.0626357	0.0333002	0.1206095	0.0953446
background36	0.0178467	0.0590867	0.061702	0.140005	0.1268905	0.1010155
background37	0.0958904	0.05983255	0.0639409	0.140252	0.111622	0.1012145
background38	0.159342	0.0841265	0.0573512	0.130006	0.1249685	0.1050475
background39	0.114016	0.07986175	0.0594719	0.123129	0.1425995	0.1012865
background40	0.0672342	0.0842126	0.0619488	0.139416	0.122987	0.1003885
background41	0.16086	0.05899475	0.0702878	0.131395	0.1094975	0.104077
background42	0.0382811	0.062914	0.0624598	0.152402	0.11887	0.105382
background43	-0.00999768	0.07607015	0.0609238	0.107984	0.1190495	0.1032535
background44	0.0786804	0.08602975	0.0668796	0.138611	0.1017115	0.10141
background45	0.0997444	0.0556973	0.0633641	0.131515	0.10047	0.0969096
background46	0.120868	0.0949861	0.0643383	0.135296	0.13079	0.103071
background47	0.140726	0.09727545	0.0625388	0.124472	0.09808725	0.10138
background48	0.116939	0.06343245	0.0608328	0.111622	0.1040025	0.09983595
background49	0.0106174	0.0547839	0.0623324	0.138355	0.111616	0.103234
background50	0.0300596	0.0571231	0.0634442	0.15188	0.115086	0.09384445
background51	0.130006	0.0979184	0.0621029	0.178189	0.0944533	0.104353
background52	0.0212923	0.06158295	0.0669029	0.106205	0.134006	0.0977929
background53	0.0894014	0.082544	0.0670696	0.161946	0.140943	0.10047
background54	0.0677154	0.1001353	0.0590913	0.170082	0.124019	0.10047
background55	0.0747369	0.0762379	0.0677648	0.163265	0.1221075	0.0996866
background56	0.0963522	0.08353895	0.0670278	0.0974468	0.109157	0.098722
background57	0.00170512	0.08908715	0.0670395	0.0869118	0.1555125	0.092355
background58	0.026955	0.07676995	0.0623324	0.0903654	0.120331	0.09941335
background59	0.143275	0.0754912	0.0628881	0.0778369	0.130838	0.110612
background60	0.108786	0.0546378	0.0652551	0.23826	0.1102815	0.0996745
background61	0.082101	0.08360585	0.0669688	0.098877	0.1087675	0.1054455
background62	0.16681	0.08775235	0.0669029	0.0967027	0.137068	0.1027565
background63	0.113599	0.0951737	0.0705448	0.1127	0.1069075	0.09794675
background64	0.0899626	0.0664661	0.0674487	0.156776	0.1119655	0.0997755
background65	0.0499816	0.06602815	0.0655969	0.165054	0.0943829	0.0977509
background66	0.0750494	0.0723391	0.0676305	0.115004	0.1183885	0.09766945
background67	0.115051	0.0710715	0.0650494	0.135125	0.115849	0.0959743
background68	0.0103556	0.06418405	0.0622074	0.0923461	0.08199755	0.1031375
background69	0.0531373	0.0838137	0.0633641	0.0977099	0.115396	0.1012205
background70	0.0329981	0.1078155	0.0623324	0.1351	0.1032665	0.1017355
background71	0.0952424	0.07944125	0.0621029	0.147368	0.1069575	0.104793
background72	0.16086	0.06962555	0.0718548	0.0440505	0.098405	0.0954017
background73	0.16935	0.05785155	0.0674899	0.12014	0.1267995	0.09671315
background74	0.131971	0.08235725	0.0641143	0.155133	0.096762	0.102893
background75	0.0543026	0.06105945	0.0653905	0.0268726	0.1113925	0.0926742
background76	0.0327379	0.08284935	0.0631855	0.131023	0.1044745	0.102835
background77	0.105897	0.08382475	0.0603713	0.166665	0.1095665	0.09530425
background78	0.0773751	0.108928	0.05943	0.156533	0.130165	0.0955097
background79	0.0309915	0.0724562	0.067221	0.071743	0.146166	0.1074095
background80	0.0306745	0.0704241	0.0661316	0.180408	0.1107955	0.107932
background81	0.0978161	0.0650591	0.0648228	0.0770397	0.109738	0.1052575
background82	0.0712973	0.07986605	0.0695399	0.130528	0.1095995	0.09748395
background83	0.0233412	0.05833995	0.0564525	0.165008	0.1264375	0.1031325
background84	0.117975	0.07939945	0.0698672	0.123367	0.08714685	0.1008275
background85	0.122678	0.0672833	0.0683727	0.119059	0.125703	0.0958757
background86	0.0102041	0.0803266	0.0683206	0.108133	0.1263225	0.1028525
background87	0.16681	0.06715985	0.0701492	0.126373	0.1149275	0.101257
background88	0.0158711	0.0881991	0.0702042	0.118517	0.1261555	0.1021495
background89	0.134696	0.07228185	0.0663627	0.210208	0.1090495	0.1046505
background90	0.109335	0.0793932	0.0647546	0.174552	0.0870384	0.09599725
background91	-0.00010102	0.0686191	0.0716424	0.131515	0.120229	0.09695735
background92	0.0978161	0.0958751	0.0625169	0.0535218	0.0796471	0.0925648
background93	-0.00482055	0.0513422	0.0697407	0.142215	0.108767	0.107405
background94	0.0568394	0.085467	0.0690786	0.115449	0.0916854	0.1007155
background95	0.123711	0.0529125	0.060645	0.113484	0.1029865	0.1037975
background96	0.0265196	0.09355855	0.0700457	0.161107	0.110579	0.1042705
background97	0.1146	0.06303555	0.0670696	0.158529	0.1053095	0.112038
background98	0.0331766	0.09146545	0.0623324	0.140036	0.111806	0.106508
background99	0.0781698	0.067151	0.0626357	0.0606572	0.1196385	0.09728905
background100	0.129349	0.0872598	0.0604231	0.139897	0.130657	0.1016475
background101	0.0245993	0.0819894	0.0666387	0.117596	0.13066	0.09739815
background102	0.0918367	0.0726468	0.0632956	0.17617	0.114217	0.1004165
background103	0.092523	0.0810433	0.0612568	0.159852	0.0996507	0.1005895
background104	0.0365919	0.08152155	0.0694239	0.186414	0.125696	0.103323
background105	0.0705448	0.08207725	0.0670696	0.141462	0.1034685	0.0951903
background106	0.0365406	0.0669368	0.0712918	0.0894294	0.115593	0.1036845
background107	0.118272	0.09639935	0.0632836	0.124	0.12693	0.09596805
background108	0.0878031	0.06410595	0.065113	0.0784753	0.1231475	0.100737
background109	0.0243224	0.1035145	0.0669245	0.179511	0.1151835	0.10475
background110	0.0681064	0.111314	0.0669029	0.137286	0.107637	0.0942858
background111	0.119997	0.0584725	0.0568287	0.13869	0.1317935	0.1038165
background112	0.0723734	0.07688845	0.065113	0.0457208	0.1331495	0.09782565
background113	0.0460099	0.09834155	0.0633736	0.103093	0.1165745	0.102855
background114	0.130367	0.0702821	0.0598512	0.0864416	0.0965978	0.09286475
background115	0.0922627	0.08940255	0.0670696	0.119635	0.118073	0.0925301
background116	0.0974468	0.0799676	0.063267	0.192188	0.122106	0.0928987
background117	0.0688434	0.07984675	0.0680556	0.0979648	0.09674745	0.09557615
background118	0.129713	0.05917925	0.0636915	0.0422831	0.120551	0.110532
background119	0.0704467	0.06956515	0.0632922	0.106426	0.106756	0.100893
background120	0.0796535	0.05794815	0.0676869	0.164033	0.1135505	0.1005135
background121	0.182839	0.0778928	0.0648686	0.0848338	0.09892645	0.105637
background122	0.0793172	0.08350235	0.0631507	0.140219	0.103299	0.1009205
background123	0.0876222	0.07440575	0.0600138	0.191455	0.1318975	0.09955865
background124	0.00909568	0.08202355	0.0630574	0.161413	0.1068035	0.102873
background125	0.0803474	0.0548165	0.0626357	0.142857	0.1190695	0.1003805
background126	-0.00908363	0.10007995	0.0630621	0.0934696	0.10527	0.095334
background127	0.0883131	0.1000816	0.0626357	0.186364	0.1391075	0.107592
background128	0.0460099	0.06147355	0.0713261	0.122449	0.1065825	0.105875
background129	0.0942164	0.09693145	0.0652208	0.145135	0.116974	0.1003865
background130	0.143332	0.08491215	0.0661316	0.184773	0.132772	0.102752
background131	0.0868451	0.08691305	0.0682102	0.144087	0.1085055	0.0972107
background132	0.0270923	0.06743445	0.0658331	0.0544419	0.105235	0.1035885
background133	0.123644	0.08891875	0.0614782	0.152067	0.120596	0.0977099
background134	0.020608	0.09833095	0.0721892	0.183999	0.10727	0.10047
background135	0.0466964	0.07578165	0.0679546	0.0935201	0.112084	0.09746385
background136	0.0814504	0.06090235	0.0629304	0.0851644	0.1145105	0.1028445
background137	0.0115742	0.0887836	0.0621029	0.16322	0.1043905	0.1027865
background138	0.0751524	0.08310785	0.0598512	0.188809	0.1135425	0.0947291
background139	0.140036	0.08576935	0.0628223	0.133316	0.1083945	0.105851
background140	0.00933567	0.0892403	0.0610315	0.12575	0.112516	0.104092
background141	0.0633084	0.1068275	0.0697881	0.145986	0.128063	0.102061
background142	0.183673	0.09274405	0.0640756	0.226479	0.1230415	0.1042435
background143	0.0213347	0.0605627	0.0635234	0.140737	0.1225745	0.09769795
background144	0.0210253	0.07683075	0.0647546	0.118298	0.1102345	0.0977099
background145	0.0395339	0.0695594	0.0685306	0.129864	0.1305135	0.09026365
background146	0.0743397	0.08716275	0.0670696	0.120596	0.105749	0.1008975
background147	0.0749306	0.1071575	0.0616075	0.118157	0.1281385	0.099259
background148	-0.000316979	0.09070895	0.0649459	0.163859	0.09559935	0.102316
background149	0.15716	0.07287255	0.0718548	0.109468	0.110728	0.09433585
background150	0.000963612	0.06650215	0.0718548	0.111278	0.1162075	0.09209655
background151	0.0718548	0.0603944	0.065297	0.149398	0.1338595	0.0990014
background152	0.13537	0.08233615	0.059059	0.109952	0.105025	0.102177
background153	0.13314	0.122762	0.0736701	0.15598	0.111321	0.1006265
background154	0.015137	0.07103135	0.0685092	0.177943	0.123134	0.1061965
background155	0.0103556	0.07427725	0.0614564	0.137843	0.0768883	0.100289
background156	0.092523	0.0913977	0.0633084	0.15524	0.1105995	0.1092235
background157	0.153442	0.100656	0.0626357	0.171797	0.1184105	0.106314
background158	0.137843	0.0686885	0.0666667	0.136827	0.1049905	0.1035805
background159	1.11026e-16	0.09827535	0.0588788	0.0726254	0.0976556	0.1003865
background160	0.078891	0.1073715	0.0644234	0.0958462	0.09913095	0.09984295
background161	0.0604548	0.0971616	0.067499	0.185781	0.08652535	0.100826
background162	0.16935	0.0643811	0.0677522	0.175462	0.111499	0.1040015
background163	0.107309	0.07685395	0.0649597	0.139169	0.1142595	0.10047
background164	0.0214544	0.1020335	0.0666419	0.140726	0.0851476	0.100886
background165	0.106945	0.09702245	0.0662112	0.164516	0.107752	0.0977099
background166	0.102922	0.06151225	0.0673727	0.141687	0.119348	0.1022725
background167	0.0584951	0.0536305	0.057957	0.0981471	0.1309905	0.100421
background168	0.00407552	0.0986698	0.0652792	0.104726	0.1172225	0.09243455
background169	0.171844	0.08381555	0.0550982	0.0641593	0.115506	0.10047
background170	-7.84895e-17	0.0739783	0.0701486	0.208883	0.1116825	0.0962999
background171	-0.00010102	0.09695815	0.0692885	0.145637	0.1093345	0.104854
background172	-0.0076321	0.0919809	0.0681744	0.215415	0.09541995	0.103876
background173	0.0164971	0.0910221	0.0681829	0.146365	0.1280295	0.1034325
background174	-0.0055152	0.0713607	0.0702878	0.10047	0.10035075	0.0994595
background175	0.0103556	0.1174665	0.0652574	0.15524	0.0958663	0.0988598
background176	0.0943304	0.0343159	0.0587212	0.147044	0.09454725	0.0999581
background177	0.148839	0.0641042	0.0588137	0.0904079	0.110642	0.1052315
background178	-0.00236643	0.0669707	0.0655969	0.109224	0.130572	0.0973851
background179	0.12764	0.0769782	0.065746	0.10302	0.1011565	0.106406
background180	0.0421823	0.0930657	0.0701633	0.186242	0.1012572	0.104588
background181	-0.00147342	0.0747983	0.062332	0.129649	0.1150865	0.101778
background182	0.183673	0.07856835	0.0727441	0.146462	0.1273035	0.0996936
background183	0.0480341	0.05801675	0.0648808	0.102777	0.114599	0.10185
background184	0.0591491	0.06995145	0.0625951	0.151436	0.1206425	0.102506
background185	0.0702878	0.07591025	0.0681744	0.137654	0.113851	0.10047
background186	0.0406025	0.05104395	0.0622459	0.123104	0.1069015	0.0969216
background187	0.111157	0.079201	0.0677461	0.0683431	0.1116745	0.09753705
background188	0.0264589	0.09300585	0.0630242	0.0632179	0.09539485	0.1097755
background189	0.00360182	0.0983308	0.0645469	0.159342	0.1085375	0.10047
background190	0.141148	0.0884419	0.0618965	0.15148	0.1282835	0.10003525
background191	-0.00444111	0.07490715	0.0714286	0.114106	0.108971	0.099259
background192	-0.0100292	0.0802628	0.0626357	0.151436	0.1263195	0.102817
background193	0.115423	0.09399435	0.0639926	0.156827	0.1215375	0.0904079
background194	0.000554312	0.09769325	0.064469	0.207999	0.116547	0.0968716
background195	0.125163	0.1028205	0.0626357	0.0639717	0.1249725	0.10047
background196	0.0673727	0.08434885	0.0669435	0.0989055	0.1266975	0.09656025
background197	0.121821	0.09228205	0.0609299	0.133175	0.1231575	0.1110645
background198	0.0392824	0.0615498	0.0628487	0.191489	0.122986	0.1018675
background199	0.0562575	0.0764464	0.0676127	0.169836	0.1075065	0.0923461
background200	0.0754846	0.0718588	0.0626419	0.0552299	0.1228225	0.0925301
background201	0.0869784	0.122309	0.0639992	0.147679	0.1135525	0.1043205
background202	0.0894014	0.101414	0.0639695	0.13537	0.1190975	0.1010365
background203	0.163944	0.06919155	0.0596383	0.114678	0.08809235	0.1040575
background204	0.17956	0.09393035	0.0586776	0.17427	0.113449	0.1003385
background205	0.119216	0.0704818	0.0702878	0.212694	0.1101315	0.09738755
background206	0.0790882	0.086582	0.0588324	0.0557981	0.1048065	0.1052615
background207	0.120181	0.09554195	0.0589913	0.215993	0.1197865	0.0991667
background208	0.00010203	0.0721749	0.0702622	0.0678426	0.091102	0.106499
background209	0.0320361	0.08505585	0.0684522	0.161477	0.125953	0.1023945
background210	0.0643072	0.1068265	0.0636915	0.168257	0.1259265	0.1022715
background211	0.0424949	0.05596595	0.0626357	0.113276	0.1176975	0.1041025
background212	0.100676	0.104533	0.0655992	0.22943	0.08803575	0.09927735
background213	0.00453524	0.07582475	0.0552963	0.110532	0.11007	0.10007875
background214	0.0106174	0.0698504	0.0651025	0.110532	0.135552	0.0904079
background215	0.0363558	0.06936355	0.0667736	0.0725995	0.1233165	0.09489615
background216	0.00108931	0.08550485	0.0585841	0.115767	0.121742	0.1020295
background217	0.0210253	0.07139645	0.0710011	0.194994	0.11086	0.0968353
background218	0.000207195	0.0714975	0.0665285	0.168276	0.1163365	0.097289
background219	0.0950543	0.110788	0.0716638	0.0583555	0.1038345	0.100849
background220	0.00684578	0.0828214	0.0633084	0.0663268	0.116391	0.0941756
background221	0.153762	0.067622	0.0616075	0.192906	0.1051165	0.099259
background222	0.0484903	0.08932585	0.0629676	0.109948	0.119039	0.1008285
background223	0.102748	0.06470965	0.0718548	0.105642	0.0644411	0.0970952
background224	0.0578285	0.0675702	0.0658961	0.183942	0.1003605	0.09700695
background225	0.0315331	0.0736513	0.0644743	0.143883	0.125301	0.0935266
background226	0.0816441	0.0645813	0.0612245	0.139376	0.1100845	0.09471395
background227	0.0227062	0.115993	0.0698672	0.0600488	0.126676	0.0994324
background228	0.0039691	0.07677025	0.0694454	0.139638	0.0943253	0.1003335
background229	0.0549213	0.0863049	0.0653614	0.109006	0.102409	0.0995933
background230	0.0970428	0.09665675	0.0642612	0.211435	0.12266	0.0977099
background231	0.171836	0.0654477	0.0626357	0.119215	0.1213975	0.10047
background232	0.0306122	0.108231	0.0634354	0.147003	0.1278535	0.0992186
background233	-0.00444111	0.08622415	0.0702878	0.0979823	0.1504305	0.102041
background234	-7.84895e-17	0.08767145	0.0634354	0.155199	0.102835	0.0957146
background235	0.093716	0.1008425	0.0708127	0.123463	0.1289335	0.09354655
background236	0.0626357	0.07687485	0.0625581	0.151023	0.110656	0.1005385
background237	-0.00661829	0.0807044	0.0693089	0.158227	0.107133	0.09987605
background238	0.0421473	0.09036395	0.0636745	0.157354	0.1262515	0.0971315
background239	0.142857	0.05693	0.0642478	0.244616	0.0998702	0.0951641
background240	-0.00321991	0.07616295	0.0631162	0.132748	0.1237485	0.10058
background241	0.0972086	0.07259885	0.061852	0.10645	0.112136	0.1057505
background242	0.0946369	0.0911843	0.0623324	0.0931537	0.1327575	0.0977239
background243	0.132402	0.08014025	0.0689661	0.0563108	0.108602	0.0956608
background244	0.123982	0.0785187	0.0669029	0.170929	0.127918	0.09427035
background245	0.0904079	0.08951795	0.0645469	0.199981	0.1305135	0.1019765
background246	0.13066	0.0936579	0.0658199	0.111502	0.09565435	0.1034255
background247	0.013374	0.08505265	0.0565692	0.195968	0.09089345	0.097763
background248	0.00448231	0.0703323	0.0602292	0.220435	0.131867	0.1037135
background249	0.042216	0.0730994	0.0654234	0.177702	0.1102355	0.100447
background250	-0.00634366	0.0679522	0.0584379	0.182798	0.1222345	0.099098
background251	0.0218467	0.07006295	0.0595701	0.080726	0.129679	0.0982781
background252	0.157771	0.09177515	0.0652399	0.0659529	0.1162215	0.100292
background253	0.0411099	0.0859478	0.0681829	0.0822081	0.1189445	0.100444
background254	0.191069	0.0914482	0.0622463	0.180998	0.118121	0.0946766
background255	0.0513592	0.10027725	0.0677154	0.0960666	0.10005235	0.0938207
background256	0.0568809	0.080998	0.0601016	0.0860557	0.1160945	0.09422715
background257	0.180282	0.07655	0.0702878	0.0977099	0.1290525	0.09851005
background258	0.112985	0.0965003	0.0670696	0.094267	0.1271925	0.102041
background259	0.064609	0.1017215	0.0623324	0.237427	0.123073	0.1020845
background260	-0.00711337	0.05504195	0.0602856	0.192055	0.1318015	0.09425085
background261	0.000207195	0.0912018	0.0693675	0.158233	0.108776	0.09728875
background262	0.133922	0.08387915	0.0616075	0.163866	0.1172985	0.103023
background263	0.0108867	0.08346225	0.0626357	0.137485	0.104101	0.097636
background264	0.0401151	0.08304105	0.0616075	0.0683008	0.145032	0.09616615
background265	0.131716	0.08001275	0.063679	0.135876	0.11262	0.1030445
background266	0.096121	0.05941005	0.0635789	0.18503	0.14412	0.0950828
background267	0.133679	0.1070125	0.0693017	0.163141	0.1044935	0.09857605
background268	0.120596	0.0860381	0.0669375	0.132653	0.1120615	0.0997831
background269	0.0382811	0.0947956	0.0631507	0.0681744	0.124515	0.1027755
background270	0.128384	0.0593939	0.0630878	0.119997	0.106623	0.1070475
background271	0.054744	0.0661025	0.0651994	0.085359	0.1148425	0.107816
background272	0.0210253	0.06687225	0.0619534	0.0840227	0.120596	0.09597635
background273	-0.00152106	0.0757182	0.0637211	0.125644	0.1134285	0.102748
background274	0.000104123	0.07402705	0.0636915	0.10047	0.116579	0.1069635
background275	0.0739679	0.06437605	0.0670696	0.173366	0.105422	0.1028195
background276	0.0552204	0.0873576	0.0670696	0.123002	0.1370075	0.1015045
background277	0.114011	0.0835508	0.0698672	0.162479	0.1102905	0.1005435
background278	0.00431574	0.09703325	0.0629158	0.184773	0.127862	0.1030805
background279	0.0301759	0.0917829	0.0623324	0.083644	0.109182	0.09889665
background280	0.0108473	0.06397415	0.0649835	0.19354	0.140141	0.0987487
background281	0.0513592	0.08840175	0.0625761	0.10032	0.1143225	0.09786635
background282	0.0455922	0.08766	0.0651763	0.0933209	0.09571455	0.09320975
background283	0.006148	0.0638641	0.0693089	0.104998	0.1070025	0.09776135
background284	0.0645794	0.0747422	0.0665285	0.158677	0.1148285	0.1028485
background285	0.0752096	0.04726195	0.0658905	0.0869942	0.123285	0.1003335
background286	-0.00682479	0.07038645	0.0650731	0.191224	0.114514	0.0934464
background287	0.072489	0.09249	0.0633496	0.100937	0.117394	0.0996905
background288	0.0404876	0.1218055	0.0693089	0.193012	0.09910695	0.0956309
background289	0.0653248	0.08855805	0.0626357	0.123989	0.1199045	0.10047
background290	-0.00825933	0.07337105	0.059981	0.0552204	0.0973546	0.1034485
background291	0.109627	0.1004077	0.0645455	0.150847	0.1267155	0.0977099
background292	0.13066	0.0631498	0.0695295	0.0803474	0.0928553	0.10019875
background293	0.16935	0.08478755	0.0658331	0.177448	0.1060455	0.0999133
background294	0.0904291	0.09012425	0.0647835	0.10805	0.116602	0.1022295
background295	0.0736609	0.0912187	0.0718548	0.187216	0.107782	0.1028225
background296	0.0988242	0.07048895	0.0719507	0.0699724	0.1153995	0.1047475
background297	0.112739	0.08146735	0.0633084	0.12774	0.1087795	0.0974114
background298	0.130006	0.08240875	0.0626357	0.157286	0.121161	0.102041
background299	0.0411099	0.093039	0.0626357	0.137685	0.1142105	0.1031195
background300	0.0044133	0.0530604	0.0628487	0.072026	0.118743	0.1053395
background301	0.0287731	0.08537135	0.0626357	0.171615	0.130751	0.1031825
background302	0.117975	0.09470645	0.0697167	0.138737	0.1100095	0.104303
background303	0.0616323	0.0655189	0.0659759	0.147023	0.1165315	0.10047
background304	0.0308595	0.110967	0.0618557	0.167088	0.10657	0.100737
background305	0.115626	0.09000165	0.063562	0.129465	0.106348	0.10149
background306	0.0164971	0.0841447	0.0645065	0.173469	0.1359375	0.1012985
background307	0.0680595	0.1041295	0.064248	0.0967587	0.1032875	0.09983565
background308	0.0780773	0.07541285	0.0651114	0.131148	0.09258045	0.0986038
background309	0.0193898	0.1045965	0.0678667	0.170929	0.08566075	0.0979515
background310	0.000108507	0.05379725	0.0662626	0.101455	0.10007595	0.0992917
background311	0.0242617	0.07779665	0.0578285	0.094213	0.118311	0.104511
background312	0.0785305	0.07781535	0.0670696	0.161664	0.11184	0.09940465
background313	0.0899054	0.1130445	0.0644006	0.111341	0.14862	0.104614
background314	0.0669029	0.1134665	0.0626216	0.123559	0.109346	0.1071265
background315	0.154153	0.07840925	0.0632956	0.0756038	0.1186775	0.1107975
background316	0.00132618	0.0714899	0.0568738	0.0923847	0.1039645	0.09985325
background317	0.0620367	0.07777255	0.0643734	0.203188	0.111071	0.099218
background318	0.0268162	0.07524495	0.0598512	0.157529	0.10034135	0.097804
background319	0.0803474	0.08653035	0.059883	0.120596	0.107404	0.1028205
background320	0.0857666	0.0726797	0.0670696	0.206295	0.1159525	0.09574925
background321	0.0253353	0.09194125	0.0644206	0.178769	0.1069205	0.1019375
background322	0.116943	0.07833745	0.0702878	0.11328	0.10875	0.1017805
background323	0.100695	0.110451	0.0721892	0.092523	0.1258455	0.101052
background324	0.0232861	0.09775395	0.0681744	0.123466	0.1127315	0.105518
background325	0.00471912	0.1021285	0.0681326	0.106037	0.097364	0.09900785
background326	0.111135	0.0893518	0.0621029	0.162065	0.1126325	0.103475
background327	0.0542296	0.09034335	0.0669197	0.09329	0.117081	0.09268825
background328	0.168517	0.08045985	0.0604674	0.166835	0.129533	0.1024105
background329	0.0103556	0.0852038	0.065297	0.150793	0.126647	0.102656
background330	0.0595326	0.0690299	0.0663909	0.162646	0.107766	0.1028205
background331	0.0349391	0.0506733	0.0694454	0.14571	0.123364	0.1005955
background332	0.12809	0.0800179	0.0641297	0.122588	0.1014875	0.0977099
background333	0.000736425	0.0795275	0.0574322	0.104212	0.0986783	0.09460825
background334	0.0357208	0.0616066	0.0655538	0.165488	0.130336	0.1041835
background335	0.0201894	0.101957	0.0649835	0.184634	0.1114805	0.102493
background336	0.0332456	0.08361845	0.0636915	0.12413	0.1002843	0.0966287
background337	0.145154	0.06716035	0.0627621	0.175127	0.120254	0.0982209
background338	0.0394606	0.0869683	0.0718548	0.181116	0.10216	0.09976965
background339	0.118104	0.0915651	0.057117	0.230152	0.130956	0.1044225
background340	0.145012	0.0712929	0.0636957	0.141409	0.1180175	0.099259
background341	-0.0101318	0.0716097	0.0631855	0.141525	0.1068325	0.09456895
background342	0.103053	0.0857749	0.0625061	0.176637	0.1209755	0.09787725
background343	0.020608	0.0849599	0.0693089	0.0146777	0.10047	0.1062755
background344	0.0106174	0.08691395	0.0681829	0.185115	0.139737	0.09495405
background345	0.0823336	0.09022335	0.0736476	0.119997	0.110696	0.1045935
background346	0.0632956	0.0670642	0.0670358	0.139582	0.1221275	0.099259
background347	0.0664217	0.07386415	0.0737199	0.192144	0.1147515	0.09805255
background348	0.0127966	0.08098745	0.0694527	0.178621	0.1231575	0.10047
background349	0.0981038	0.0825331	0.065263	0.057519	0.1327185	0.1034985
background350	0.045723	0.06880195	0.069498	0.0387071	0.1097935	0.0977239
background351	0.0265196	0.0889383	0.0664532	0.112833	0.1142515	0.1010645
background352	0.160836	0.08622745	0.0667006	0.0902836	0.117726	0.1022395
background353	0.110532	0.099218	0.0669029	0.140005	0.1213875	0.0984937
background354	0.091948	0.0692491	0.0544505	0.113348	0.107923	0.1040615
background355	0.0295694	0.06904865	0.0636915	0.125121	0.1055075	0.0976355
background356	0.0877442	0.06069815	0.0689937	0.139978	0.107544	0.1044485
background357	0.0115807	0.0948706	0.0669064	0.0865756	0.1206025	0.109567
background358	0.0540246	0.06600425	0.0643459	0.186164	0.1056225	0.10047
background359	0.0956432	0.0899549	0.0721099	0.139638	0.1044555	0.1007275
background360	0.0552204	0.0857827	0.0654851	0.133282	0.119561	0.1035985
background361	0.0265196	0.0882195	0.0669262	0.100993	0.109291	0.100439
background362	0.0904079	0.08084215	0.0673789	0.181255	0.116261	0.10047
background363	0.133316	0.08899205	0.0727176	0.140005	0.09910865	0.100421
background364	0.0725995	0.1025945	0.0676843	0.148723	0.1311095	0.1049445
background365	0.104211	0.0698728	0.0640058	0.168328	0.1303835	0.1019985
background366	-0.00178719	0.05706995	0.0681645	0.0980548	0.1189025	0.100543
background367	0.0484379	0.0699731	0.0610478	0.073501	0.1156195	0.10259
background368	0.00873066	0.09841545	0.0663408	0.161782	0.1248205	0.1032345
background369	0.0923469	0.05890095	0.0632296	0.115181	0.117651	0.1003015
background370	0.070706	0.0704714	0.0616075	0.107035	0.134808	0.0976686
background371	0.104211	0.07299555	0.0749294	0.0612928	0.126956	0.1100115
background372	0.0933981	0.0732781	0.0606761	0.171898	0.1139675	0.1097525
background373	0.049277	0.09290615	0.067264	0.123466	0.1119655	0.100444
background374	0.123385	0.08297005	0.0673727	0.165985	0.1015555	0.105415
background375	0.130006	0.0908556	0.0569617	0.0710953	0.103432	0.0989905
background376	0.0349664	0.0943435	0.0718548	0.132453	0.1141785	0.102041
background377	0.0227062	0.0961603	0.0634477	0.185238	0.1003253	0.0970558
background378	0.0269957	0.108632	0.0590206	0.122593	0.09821595	0.103258
background379	0.0179497	0.07927505	0.0711402	0.206826	0.113854	0.1031545
background380	0.104211	0.10006275	0.0641496	0.108426	0.1248355	0.0972484
background381	0.125108	0.07626735	0.0690839	0.0853885	0.1144885	0.09331215
background382	0.0225134	0.09017705	0.0606761	0.122101	0.1171045	0.101816
background383	-0.00105215	0.09905785	0.0634386	0.0941045	0.1139995	0.100069
background384	0.0626357	0.0870532	0.0697474	0.109721	0.13042	0.09915735
background385	0.0105593	0.0712899	0.0626357	0.138386	0.1181725	0.104071
background386	0.0118258	0.0686091	0.0676824	0.125081	0.1202475	0.0899054
background387	0.0848789	0.05503135	0.065113	0.159068	0.1043585	0.09847525
background388	0.0868767	0.09386545	0.0688924	0.1146	0.122286	0.0920914
background389	0.0616075	0.09653555	0.0644234	0.17617	0.122483	0.09995655
background390	0.189753	0.07858145	0.0622463	0.169785	0.1038435	0.102669
background391	0.120335	0.1037195	0.0616075	0.0834628	0.1073	0.0971471
background392	0.137843	0.0631636	0.0622173	0.0967485	0.1024035	0.09556635
background393	0.0196078	0.10032485	0.0594388	0.135526	0.120224	0.1045625
background394	0.0210253	0.0844479	0.0616075	0.0894915	0.1119045	0.101003
background395	0.052315	0.0885295	0.0704632	0.116839	0.128734	0.100106
background396	0.057427	0.06718535	0.0578285	0.160102	0.1102275	0.09815875
background397	0.0362812	0.0487673	0.0644362	0.0800737	0.144402	0.102914
background398	0.028305	0.07658405	0.0616075	0.136253	0.0964143	0.1054185
background399	0.0910158	0.09362	0.0670696	0.108605	0.099745	0.095334
background400	0.0702878	0.06091835	0.0718548	0.146629	0.1071885	0.1094885
background401	-0.00434092	0.0928265	0.0670696	0.181079	0.1468655	0.0997914
background402	0.0892678	0.08825155	0.0591137	0.141525	0.1063795	0.09901865
background403	0.103653	0.08363425	0.0651554	0.110532	0.104908	0.095334
background404	0.0673727	0.08359495	0.0628016	0.164542	0.1368895	0.102041
background405	0.107699	0.07071815	0.0628984	0.218366	0.1342085	0.103071
background406	0.1146	0.0754312	0.0698672	0.0971817	0.1093915	0.1045935
background407	0.120596	0.101174	0.0702878	0.114607	0.0930834	0.100976
background408	0.12774	0.0507577	0.0700535	0.0584169	0.1188385	0.0913757
background409	0.0509167	0.0876101	0.0616075	0.0842754	0.1077475	0.1045255
background410	0.155816	0.09705175	0.0643734	0.155361	0.0958325	0.1007775
background411	0.00681248	0.1182835	0.0675287	0.102748	0.1239095	0.0992439
background412	0.0263951	0.0797458	0.0633139	0.193269	0.1106595	0.1049795
background413	0.123466	0.0487095	0.0649898	0.190145	0.1336935	0.098464
background414	0.12774	0.07062355	0.0612262	0.172279	0.0963515	0.1028385
background415	0.104523	0.08031575	0.0681829	0.120041	0.1418815	0.10259
background416	0.0411099	0.05086385	0.0698672	0.071743	0.102261	0.09311355
background417	0.1758	0.07219995	0.0639867	0.178525	0.1014485	0.101607
background418	0.0566978	0.09567415	0.0666419	0.105534	0.1022155	0.1014605
background419	0.133679	0.07583635	0.0602737	0.123489	0.1331465	0.0985412
background420	0.0902518	0.0710743	0.0627621	0.177913	0.127477	0.1025235
background421	0.110532	0.0830208	0.0684233	0.161618	0.1107045	0.1030765
background422	0.0308595	0.08061175	0.0625065	0.110532	0.1118065	0.1053095
background423	0.107904	0.09552625	0.0674603	0.0885827	0.117407	0.1020495
background424	0.0236954	0.07870315	0.059015	0.149308	0.105983	0.1018825
background425	0.128032	0.06542615	0.0633714	0.172312	0.113918	0.1007515
background426	0.0381911	0.07905055	0.0704741	0.164516	0.101967	0.10259
background427	0.00748986	0.0858459	0.065113	0.144316	0.1307605	0.102669
background428	0.099259	0.09257425	0.0681744	0.140737	0.0874593	0.09378535
background429	0.0401151	0.09390015	0.0620241	0.0977099	0.1060725	0.09964575
background430	0.03454	0.07046675	0.0575302	0.122538	0.119772	0.1031415
background431	0.074424	0.0628565	0.0654545	0.0933077	0.1070745	0.106348
background432	0.00129844	0.07544695	0.0616075	0.153432	0.127731	0.104183
background433	0.0194494	0.07020275	0.0626357	0.1062	0.1129915	0.10047
background434	0.0327063	0.0661302	0.0681829	0.153473	0.09904415	0.0979664
background435	0.00641914	0.0847117	0.0677097	0.126651	0.113661	0.10047
background436	0.00252775	0.0654055	0.0586402	0.0810661	0.1391965	0.1020205
background437	0.180135	0.07727875	0.0604909	0.149576	0.1127165	0.10259
background438	0.0678822	0.07020275	0.069498	0.0771691	0.1216665	0.10047
background439	0.0616075	0.0955403	0.0587834	0.139837	0.1474385	0.10047
background440	0.130006	0.0796772	0.0568287	0.199868	0.107447	0.09895885
background441	0.162634	0.1113925	0.0750347	0.176692	0.1187575	0.1037535
background442	0.0394031	0.1042365	0.0642429	0.17728	0.1129185	0.10118
background443	0.0591865	0.08074365	0.0615227	0.117711	0.1084755	0.09530785
background444	0.0601601	0.0731437	0.0643421	0.126946	0.1146745	0.0957624
background445	0.00505615	0.0903547	0.0593135	0.139471	0.112623	0.1005555
background446	0.0329981	0.084805	0.0677648	0.101722	0.0925819	0.09988625
background447	0.123792	0.08412495	0.0646856	0.138878	0.09412195	0.10259
background448	0.022883	0.07864505	0.0653084	0.14167	0.113928	0.0977099
background449	0.083912	0.070592	0.0738378	0.118157	0.0927893	0.1028895
background450	0.112245	0.09976185	0.069498	0.0648805	0.0815476	0.1026235
background451	0.0657759	0.09542845	0.072489	0.147618	0.1120055	0.0950828
background452	0.0767254	0.0907086	0.0621116	0.116895	0.129658	0.0955569
background453	0.104156	0.074801	0.0633084	0.0833267	0.128673	0.1018885
background454	0.119347	0.0888932	0.0626357	0.143556	0.1090075	0.10259
background455	0.0367619	0.0665425	0.0686082	0.0964188	0.0876956	0.104239
background456	0.133316	0.07231065	0.0636915	0.125732	0.119293	0.10259
background457	0.0762654	0.0582521	0.0575364	0.11256	0.09766425	0.09954625
background458	0.0616075	0.06126965	0.0610706	0.120596	0.1269685	0.10019875
background459	0.0498514	0.058353	0.0612245	0.11635	0.112303	0.101793
background460	0.0159885	0.09736175	0.0681829	0.0913259	0.137844	0.1013175
background461	0.0214544	0.0893906	0.0670696	0.174676	0.116004	0.0997831
background462	0.0910984	0.0821163	0.0693482	0.111758	0.109633	0.09987225
background463	0.0602292	0.1104105	0.0616075	0.124472	0.1307	0.1021025
background464	0.0758202	0.09678175	0.0616075	0.142946	0.11528	0.101173
background465	0.0421878	0.09742865	0.0612982	0.142575	0.07376735	0.1000114
background466	0.00321222	0.0813774	0.0633641	0.0905919	0.104056	0.1031215
background467	0.110509	0.086868	0.0680104	0.177083	0.116107	0.101957
background468	0.0637005	0.1118145	0.0568287	0.0684315	0.138717	0.09968565
background469	0.145154	0.100619	0.0626357	0.180001	0.1214195	0.0978762
background470	0.0258385	0.0949165	0.0702878	0.100685	0.124206	0.1046325
background471	0.0601415	0.08570275	0.0612938	0.137062	0.09859335	0.09987605
background472	0.0324285	0.0706851	0.0625	0.0318192	0.1208635	0.1005215
background473	0.10259	0.0830047	0.0711243	0.0726495	0.1215385	0.100868
background474	0.0483911	0.0918353	0.0639224	0.118309	0.1026675	0.096831
background475	0.00711313	0.0692699	0.0603022	0.170123	0.130428	0.1030795
background476	0.0178571	0.08519465	0.0658199	0.175208	0.114519	0.1025195
background477	0.0184431	0.0745607	0.0608403	0.173565	0.0884058	0.102039
background478	0.0724669	0.0667713	0.0552544	0.141355	0.1149755	0.0975954
background479	0.0480341	0.0714219	0.0702878	0.213794	0.1009295	0.1016065
background480	0.013668	0.0864665	0.0714286	0.159008	0.1240215	0.102896
background481	0.0337263	0.09598125	0.0710652	0.069498	0.1022245	0.0992789
background482	0.10905	0.07428365	0.0668143	0.118688	0.117245	0.1016545
background483	0.0213023	0.07301745	0.0622463	0.198431	0.1451225	0.0956805
background484	0.137931	0.0761	0.0679232	0.135019	0.1405605	0.10047
background485	0.130401	0.09935755	0.0670696	0.0704816	0.12187	0.104243
background486	0.0772793	0.0838171	0.0681744	0.206214	0.1173945	0.09757835
background487	0.0702878	0.06809265	0.0703746	0.121191	0.1349465	0.1007445
background488	0.0725354	0.07389465	0.0670696	0.13066	0.1247025	0.09591795
background489	0.0559453	0.1258285	0.0616075	0.131515	0.1113885	0.0977099
background490	0.0120387	0.1061285	0.0626327	0.114002	0.0967808	0.09809015
background491	-0.000203092	0.0831272	0.0721099	0.102869	0.09400015	0.101723
background492	0.0904079	0.07744485	0.0670696	0.140726	0.1102345	0.0990786
background493	0.0351222	0.0930667	0.0616075	0.170015	0.1403575	0.1028205
background494	0.0923461	0.092363	0.0681744	0.113195	0.1116825	0.09730205
background495	0.0314312	0.0907473	0.0580368	0.104738	0.1176915	0.0984546
background496	0.0282352	0.08519545	0.0685092	0.150965	0.123883	0.100765
background497	0.0803474	0.101324	0.0602292	0.138726	0.115441	0.103904
background498	-0.00681437	0.07373185	0.0636915	0.181381	0.1198355	0.100937
background499	0.0995533	0.085747	0.0653084	0.229174	0.111333	0.1034315
background500	0.118157	0.0846194	0.0716638	0.0381343	0.1186395	0.104252
background501	0.107699	0.0768018	0.0623324	0.112833	0.099259	0.09902065
background502	0.0508927	0.0938207	0.0699724	0.148124	0.1212815	0.0939848
background503	0.0826528	0.07214915	0.0689937	0.181655	0.1168425	0.1052375
background504	0.00873066	0.09179845	0.0643025	0.168057	0.121057	0.09558915
background505	0.180998	0.05878455	0.0666667	0.164321	0.1168395	0.101641
background506	0.117522	0.0760718	0.0602292	0.0461029	0.114635	0.102462
background507	0.0914201	0.1015495	0.0630046	0.155707	0.0974781	0.099259
background508	0.113151	0.09634135	0.0621029	0.122588	0.1107425	0.1020695
background509	0.120104	0.0418533	0.0621899	0.114487	0.1342505	0.105314
background510	0.0282297	0.0987609	0.0636915	0.0971334	0.110848	0.09309405
background511	0.110532	0.08778705	0.0667833	0.0887207	0.125436	0.1026395
background512	0.0978161	0.0614402	0.0707731	0.106439	0.108335	0.1080125
background513	0.0308595	0.08682395	0.0634945	0.10311	0.115848	0.1023325
background514	0.143123	0.08433825	0.0654853	0.108516	0.121729	0.10146
background515	-0.00227077	0.07570335	0.0609871	0.0887207	0.101445	0.09759895
background516	0.0903319	0.07023065	0.0647761	0.163828	0.1326785	0.1044795
background517	0.164033	0.08930265	0.0616075	0.218366	0.104661	0.1030125
background518	0.0579417	0.0539853	0.0640057	0.050161	0.1288365	0.09795995
background519	0.107932	0.09645645	0.0626357	0.132862	0.1075675	0.09588935
background520	0.105911	0.06456425	0.0626357	0.177647	0.124104	0.102611
background521	0.0140687	0.06098565	0.0696168	0.127497	0.1130775	0.10047
background522	0.0725451	0.055408	0.0609773	0.136679	0.111178	0.0974674
background523	0.0134508	0.09472415	0.0646856	0.164746	0.0998645	0.09523335
background524	0.0715054	0.088725	0.0737542	0.121836	0.129318	0.09707535
background525	0.0222999	0.0714505	0.0633084	0.171525	0.130489	0.09852655
background526	0.0547038	0.0506577	0.0633641	0.0452604	0.11262	0.101947
background527	0.0849984	0.0893124	0.065077	0.199835	0.1364895	0.09908225
background528	0.120596	0.07263745	0.0673727	0.167911	0.153057	0.0952826
background529	0.114524	0.1145205	0.0616075	0.160823	0.1150385	0.09258465
background530	0.0999275	0.1030095	0.0718548	0.0933607	0.106933	0.104762
background531	0.0676127	0.0904079	0.0627804	0.128652	0.1112665	0.09810665
background532	-0.00233173	0.0936529	0.0639224	0.170579	0.105797	0.09385685
background533	0.122005	0.0860785	0.0624626	0.136614	0.1132555	0.1003655
background534	-0.00010102	0.0924117	0.0711649	0.199891	0.1143535	0.101333
background535	0.00233749	0.0735019	0.0605594	0.220896	0.1083415	0.1034025
background536	0.151837	0.0947252	0.0616403	0.133643	0.109791	0.09272195
background537	0.0390463	0.07555275	0.0650439	0.124829	0.102261	0.1094105
background538	0.120596	0.0761301	0.0633084	0.107932	0.14454	0.0977099
background539	0.113549	0.06808915	0.0622862	0.0874907	0.136591	0.1020175
background540	0.099417	0.09563375	0.0673727	0.125145	0.0809975	0.1076095
background541	0.0183765	0.07391305	0.0685571	0.0378127	0.114461	0.10259
background542	0.180998	0.07785345	0.0690222	0.131816	0.1138	0.09695635
background543	0.0272544	0.07834595	0.0553667	0.134665	0.1262275	0.09794675
background544	0.0102041	0.1101995	0.0659759	0.140737	0.113562	0.100708
background545	0.0245993	0.08801375	0.0638029	0.0979656	0.12926	0.102061
background546	0.000207195	0.07483635	0.0632956	0.149696	0.128043	0.1042795
background547	0.0462986	0.09594475	0.0658838	0.106162	0.1335065	0.1032935
background548	0.00909568	0.08626605	0.0670696	0.106594	0.1076035	0.0876469
background549	0.0107923	0.06207	0.0615338	0.138219	0.107566	0.095418
background550	-0.00993584	0.0990204	0.063562	0.166878	0.09900645	0.09576335
background551	0.105208	0.0643019	0.0633084	0.123617	0.12341	0.09942755
background552	0.0718548	0.1017555	0.063267	0.0813622	0.106016	0.1029875
background553	0.0575081	0.0662214	0.0585867	0.165054	0.114667	0.104447
background554	0.0977099	0.1162015	0.0634354	0.195467	0.1230645	0.104211
background555	0.16086	0.133982	0.0576126	0.06408	0.1285465	0.10173
background556	0.147938	0.0889712	0.0632956	0.103868	0.1302725	0.103064
background557	0.0117406	0.0967988	0.0582835	0.179525	0.1395915	0.102819
background558	0.117522	0.0791409	0.061744	0.0674479	0.09497095	0.100545
background559	0.0991068	0.0899845	0.063517	0.133873	0.1185695	0.1033935
background560	0.0385569	0.0901368	0.0616075	0.117476	0.09698755	0.0950001
background561	0.0230618	0.0921134	0.0669063	0.0983984	0.112114	0.0963522
background562	0.00612939	0.0972668	0.065113	0.163264	0.126075	0.09940345
background563	0.0421878	0.06923855	0.0579417	0.146473	0.1315575	0.0946857
background564	0.139058	0.0884697	0.061728	0.206295	0.125201	0.1075865
background565	0.0494465	0.0776812	0.0571588	0.204082	0.10744	0.102041
background566	0.0755926	0.10160045	0.0670358	0.127471	0.1181845	0.1031035
background567	0.0158711	0.09271415	0.0698672	0.0633641	0.1014685	0.102096
background568	0.0117072	0.07027765	0.0616075	0.178444	0.1305225	0.1055705
background569	0.0226548	0.0750689	0.0615645	0.142857	0.1117865	0.1012055
background570	0.0759973	0.0696057	0.0648008	0.128384	0.08723595	0.103409
background571	0.0923461	0.05793585	0.0621029	0.128263	0.114967	0.110532
background572	0.0121485	0.06101605	0.0669029	0.114011	0.110532	0.0913107
background573	0.0275852	0.06669075	0.0616923	0.0778431	0.0944923	0.09689745
background574	0.0542746	0.09192445	0.0646919	0.187427	0.1131375	0.0955838
background575	5.2063e-05	0.06010305	0.0770451	0.139676	0.09870095	0.0958722
background576	0.0328055	0.09565695	0.0670696	0.202049	0.1218355	0.1044975
background577	0.0329981	0.09049525	0.0626216	0.24691	0.11261	0.1018865
background578	0.00995151	0.06222105	0.0633084	0.120502	0.1373495	0.1057985
background579	0.0401151	0.07249905	0.0612245	0.113001	0.1339025	0.102583
background580	0.0730328	0.0875578	0.0628885	0.0365203	0.09993205	0.100622
background581	0.0568738	0.104378	0.0626357	0.142857	0.0983434	0.103771
background582	0.12402	0.0780691	0.0626216	0.126529	0.09973505	0.101438
background583	0.10099	0.0757555	0.0657759	0.150068	0.1059995	0.1007035
background584	0.105875	0.1078985	0.0663368	0.130668	0.09848445	0.1077885
background585	0.0695285	0.108243	0.0626357	0.1022	0.1125895	0.0963866
background586	0.0645469	0.1288435	0.0601601	0.123814	0.12441	0.1037025
background587	0.048952	0.07749895	0.0626357	0.118669	0.1002595	0.1079115
background588	0.119336	0.07919245	0.0651025	0.101431	0.1177725	0.0977099
background589	0.0231282	0.07307395	0.0718548	0.0740191	0.130152	0.1052595
background590	0.0928535	0.09035265	0.0626216	0.107287	0.1235065	0.1023945
background591	0.0894014	0.0570656	0.0680871	0.229392	0.1295525	0.09589955
background592	0.179567	0.08150615	0.0669968	0.109883	0.1162335	0.1076405
background593	0.0411099	0.0773299	0.0681829	0.0977289	0.11799	0.1075335
background594	-0.000203092	0.07532835	0.0602292	0.15033	0.135351	0.1027625
background595	0.0739975	0.0895272	0.0684065	0.208538	0.103979	0.103802
background596	0.140737	0.08244175	0.0640717	0.196755	0.1024075	0.101473
background597	0.074424	0.1186455	0.0710011	0.181458	0.1119495	0.1042615
background598	0.0353527	0.0596351	0.0714286	0.0774264	0.1312615	0.0992439
background599	0.148124	0.05620715	0.0677648	0.222082	0.0946406	0.106176
background600	0.0510204	0.1002115	0.0605234	0.178341	0.112278	0.1088125
background601	0.107179	0.07140945	0.0687541	0.103836	0.1223725	0.099218
background602	0.0454855	0.08936295	0.0627621	0.139766	0.121223	0.100588
background603	0.0279242	0.08623395	0.0669029	0.0957008	0.104939	0.10004175
background604	0.17903	0.06684395	0.0669029	0.159672	0.131135	0.10047
background605	0.0775871	0.0777223	0.061702	0.0921139	0.1369775	0.1012115
background606	0.0261766	0.0656978	0.0670696	0.0461244	0.139076	0.09284925
background607	0.0106174	0.082947	0.0616075	0.115517	0.1192855	0.1033825
background608	0.112245	0.0852472	0.0623122	0.120158	0.125436	0.09683095
background609	0.0421878	0.07149135	0.0638102	0.122774	0.121305	0.1003335
background610	0.03156	0.0880097	0.0629824	0.202682	0.133197	0.1008955
background611	0.0622173	0.06148865	0.0702859	0.141742	0.116975	0.1025905
background612	0.121821	0.1240255	0.0644206	0.175668	0.09844345	0.101199
background613	0.00796277	0.0810328	0.0584056	0.143883	0.1167015	0.09637735
background614	0.0651025	0.0930545	0.0680875	0.119997	0.1329025	0.1026875
background615	0.0177937	0.0671795	0.0707072	0.104651	0.134431	0.09969865
background616	0.0321887	0.0925733	0.0631013	0.186024	0.110216	0.095614
background617	0.0102041	0.08814815	0.0682353	0.120596	0.116974	0.1042435
background618	0.0433672	0.0822983	0.0704741	0.0938097	0.122352	0.1072775
background619	0.127076	0.06022525	0.0616075	0.196229	0.1165815	0.102011
background620	0.0292619	0.0878179	0.0705723	0.22645	0.1126395	0.1047135
background621	0.131737	0.08014395	0.0635986	0.116386	0.102248	0.0995115
background622	0.117975	0.074569	0.0618965	0.1146	0.114353	0.102481
background623	0.00909568	0.065025	0.0573512	0.186759	0.1074955	0.104835
background624	0.0158334	0.09458845	0.0616075	0.102748	0.1178465	0.09994525
background625	0.0954201	0.09936095	0.0640593	0.0937739	0.1058675	0.101413
background626	0.0676589	0.08465255	0.0616075	0.0903319	0.119629	0.1030735
background627	0.12129	0.08137805	0.0540672	0.0693941	0.112779	0.1070775
background628	0.0174727	0.0763706	0.0621029	0.157506	0.104505	0.1025755
background629	0.0451499	0.104134	0.0688777	0.161072	0.1301915	0.09788855
background630	0.0506201	0.1100795	0.0669029	0.113356	0.1148855	0.0997377
background631	0.046696	0.1131135	0.0664305	0.139978	0.112539	0.0995479
background632	0.129763	0.1054435	0.0691364	0.122179	0.1064465	0.1029125
background633	0.0735459	0.07808045	0.0526948	0.117551	0.124742	0.105731
background634	0.019807	0.0853859	0.0616075	0.133316	0.09752625	0.09681455
background635	0.0111967	0.07363625	0.0639988	0.0888984	0.1179315	0.09478895
background636	0.121551	0.0668617	0.0697732	0.13066	0.09412405	0.1023245
background637	0.140926	0.09078065	0.0636915	0.0905875	0.116765	0.10047
background638	0.10047	0.06797645	0.0702878	0.168849	0.1087755	0.1000207
background639	0.01106	0.070747	0.0670696	0.109952	0.109406	0.103073
background640	0.0314312	0.0994062	0.0652551	0.107645	0.0925998	0.0986414
background641	0.0975502	0.0945265	0.063207	0.137373	0.116245	0.103766
background642	0.00631453	0.0974458	0.0636915	0.135722	0.1223905	0.100711
background643	0.0221422	0.0834648	0.0662652	0.10047	0.1057635	0.0958135
background644	0.111105	0.0897166	0.0626357	0.146027	0.138448	0.1027265
background645	0.0938207	0.08820985	0.0701654	0.100937	0.134435	0.1004155
background646	0.0825617	0.0972988	0.0626357	0.116334	0.1245465	0.0940763
background647	0.0861884	0.09863195	0.0669435	0.107984	0.12619	0.09514285
background648	0.0738378	0.0936094	0.0666667	0.130187	0.09916715	0.1063545
background649	0.0956805	0.08544215	0.0742406	0.121566	0.148199	0.09984485
background650	0.133572	0.1094205	0.068831	0.107932	0.1186035	0.1079225
background651	0.0874152	0.0811345	0.0626357	0.104034	0.0918339	0.09780575
background652	0.0995479	0.0736713	0.0681231	0.0953891	0.1234965	0.1013905
background653	0.0601147	0.0668184	0.0631855	0.168303	0.1202965	0.107023
background654	0.145752	0.09007345	0.0721902	0.0575469	0.107575	0.1060355
background655	0.0750494	0.0846334	0.0612245	0.125169	0.131303	0.0930205
background656	0.00133583	0.0927118	0.0640135	0.154236	0.121295	0.09938595
background657	0.0264153	0.08452565	0.0722385	0.115096	0.1132325	0.09874945
background658	0.0106174	0.078558	0.0651659	0.138315	0.1267775	0.103531
background659	0.0272544	0.1014345	0.0632737	0.0611501	0.124837	0.10624
background660	0.053604	0.08610335	0.0702482	0.110326	0.120975	0.09930385
background661	-0.00929093	0.07621405	0.0696586	0.111964	0.1165545	0.102249
background662	0.10634	0.0876349	0.0610072	0.0933269	0.1091125	0.107918
background663	-0.00661829	0.0621001	0.0721892	0.0837602	0.1299365	0.1015125
background664	0.0628346	0.0701184	0.0673661	0.130219	0.0920859	0.09974405
background665	0.11909	0.112764	0.0636163	0.119175	0.1190165	0.0959314
background666	0.0369636	0.0860347	0.0670696	0.133539	0.1207855	0.110026
background667	0.190675	0.0651425	0.0684233	0.169384	0.108551	0.0968161
background668	0.0872245	0.07200985	0.0616075	0.171775	0.110102	0.101436
background669	0.101824	0.0721212	0.0584935	0.130006	0.130148	0.1009205
background670	0.0903319	0.0876542	0.0645065	0.154979	0.112457	0.0997171
background671	0.0907454	0.07270035	0.0615017	0.176955	0.121815	0.09912955
background672	0.00010203	0.09344615	0.0622463	0.140726	0.114501	0.1011435
background673	0.0418348	0.09002395	0.0664217	0.130401	0.105952	0.09384445
background674	0.057957	0.08819385	0.0622375	0.10047	0.1146475	0.09648165
background675	0.0727176	0.0962776	0.0626357	0.186298	0.120742	0.107579
background676	0.0096493	0.0946887	0.058613	0.201141	0.111362	0.1047065
background677	0.12955	0.09074135	0.0722359	0.166219	0.1097075	0.1017475
background678	0.109939	0.0767241	0.0646153	0.148723	0.120009	0.09764185
background679	0.0103556	0.09524665	0.073839	0.172582	0.09830055	0.10047
background680	0.0718548	0.0812242	0.0649345	0.0971817	0.0903684	0.09399465
background681	0.0647546	0.101958	0.0649597	0.135496	0.1225535	0.104589
background682	0.0152499	0.0822691	0.0621029	0.120812	0.1310885	0.1016685
background683	0.104738	0.08716345	0.0668151	0.188076	0.1191825	0.1023405
background684	0.00995151	0.0794924	0.0638102	0.200514	0.0999185	0.101127
background685	0.0539244	0.0893141	0.0608403	0.187304	0.1167695	0.0943477
background686	0.107569	0.0887341	0.0621029	0.148513	0.108079	0.09465005
background687	0.0873257	0.06859535	0.0602292	0.192603	0.122506	0.0954516
background688	0.114954	0.06188835	0.0623324	0.116265	0.1047565	0.1006115
background689	0.0568308	0.09866195	0.0651721	0.160102	0.1317895	0.0992699
background690	0.0803474	0.09771315	0.0622463	0.119881	0.0826208	0.101944
background691	0.049277	0.08818895	0.0585073	0.135869	0.103286	0.1030945
background692	0.0369834	0.06674585	0.0616075	0.104401	0.1032506	0.09578425
background693	0.105403	0.1103345	0.0628984	0.0828043	0.1368925	0.0959687
background694	0.0302142	0.0684412	0.0623271	0.141172	0.132116	0.1001412
background695	0.0888959	0.06478815	0.0670358	0.0936762	0.1088905	0.1033155
background696	0.0962139	0.0826497	0.0584951	0.133316	0.144448	0.104675
background697	0.0527174	0.06154875	0.0613294	0.162342	0.1138075	0.0971817
background698	0.0102041	0.10253	0.0585741	0.10047	0.1034815	0.10047
background699	0.0329981	0.09871345	0.0677648	0.122538	0.1217865	0.0938207
background700	0.0899054	0.09062225	0.0612245	0.13537	0.1381365	0.0949216
background701	0.0945643	0.07780475	0.0676127	0.18857	0.1068605	0.1019845
background702	0.103921	0.09912135	0.0598512	0.169296	0.1118315	0.09255215
background703	0.171152	0.0805653	0.0643459	0.148333	0.1140505	0.10259
background704	0.0178467	0.0815885	0.0702878	0.170445	0.120696	0.1018675
background705	-0.0001074	0.110324	0.0666419	0.185913	0.1185565	0.104211
background706	0.0465201	0.07468645	0.0528607	0.115804	0.123226	0.105991
background707	0.0662626	0.0624366	0.0616075	0.201183	0.102727	0.1031585
background708	0.10047	0.09052255	0.0615529	0.114554	0.1211655	0.103792
background709	0.0365487	0.0700146	0.0608403	0.0788843	0.108761	0.0929507
background710	0.0167939	0.09323525	0.0632956	0.15598	0.1031255	0.1084915
background711	0.120596	0.07065225	0.0712723	0.101235	0.1021645	0.1015675
background712	0.134696	0.0725933	0.0692358	0.123104	0.1225995	0.099594
background713	0.0458359	0.07940905	0.0702878	0.183346	0.107667	0.1051825
background714	0.0411099	0.08965035	0.0671555	0.186739	0.122	0.0929835
background715	0.0191143	0.0679989	0.060441	0.121821	0.1090555	0.102724
background716	0.0478508	0.0821427	0.0693656	0.0746083	0.0915862	0.102735
background717	0.0535715	0.0844749	0.0718548	0.112745	0.114366	0.1079225
background718	0.0458342	0.08321965	0.0702878	0.121566	0.1441685	0.0996599
background719	0.114429	0.112468	0.0669029	0.181761	0.122622	0.09782415
background720	0.0522363	0.08986525	0.0664293	0.0256882	0.1274085	0.102609
background721	0.120596	0.06277275	0.0589979	0.163004	0.1229815	0.101619
background722	0.103051	0.07389555	0.0670696	0.099259	0.1085765	0.104211
background723	0.0355883	0.0975603	0.065113	0.0301264	0.119845	0.099659
background724	0.0903701	0.1079775	0.0610457	0.121719	0.09765775	0.102565
background725	0.0482583	0.1114885	0.0600424	0.121922	0.116644	0.1030045
background726	0.0404421	0.06549235	0.0616075	0.150569	0.092271	0.10047
background727	0.118229	0.08747255	0.0616075	0.0732945	0.1023785	0.09809835
background728	0.0614865	0.0560982	0.0626216	0.22457	0.103917	0.0947716
background729	0.119015	0.08955305	0.0651234	0.174761	0.1125405	0.1030775
background730	0.193469	0.04822645	0.0627942	0.0842356	0.1245355	0.102041
background731	0.0641619	0.09504595	0.0681829	0.124544	0.111559	0.101005
background732	0.0395339	0.0753983	0.0654268	0.0942996	0.123285	0.101657
background733	0.0164971	0.0805445	0.0602292	0.139352	0.1181095	0.0960354
background734	0.00694419	0.05068765	0.0623324	0.142377	0.1053465	0.09987605
background735	0.0282484	0.0765341	0.0633641	0.140726	0.1308475	0.09905395
background736	0.0815916	0.0979628	0.0626216	0.119997	0.1113755	0.1012245
background737	0.10259	0.08422205	0.0621175	0.171735	0.1054145	0.10047
background738	0.0977099	0.08288385	0.0713681	0.119062	0.125297	0.100798
background739	0.135817	0.08271205	0.0699603	0.0941713	0.12356	0.1029475
background740	0.0784707	0.0792138	0.063562	0.111594	0.141793	0.102918
background741	0.133316	0.0703249	0.0669029	0.152208	0.117183	0.0930639
background742	0.0459618	0.0476142	0.0661316	0.10259	0.103743	0.101549
background743	0.0116795	0.0944664	0.0612245	0.0675217	0.1160865	0.100507
background744	0.000110579	0.07717165	0.0527872	0.123208	0.1233875	0.0986922
background745	0.000328982	0.06783735	0.0657748	0.109627	0.1286285	0.0995696
background746	0.191069	0.082101	0.0740738	0.0942996	0.1160455	0.099259
background747	0.128958	0.09185315	0.0622463	0.203918	0.1027475	0.09408625
background748	0.0365487	0.0705711	0.0718548	0.103152	0.09414665	0.1005385
background749	0.0965542	0.09257525	0.0649597	0.0779869	0.1100425	0.103396
background750	0.10047	0.07353215	0.0681829	0.139495	0.1136625	0.10006225
background751	0.0141709	0.0746017	0.0730328	0.164648	0.118333	0.100713
background752	0.0127739	0.09832345	0.0604548	0.0888056	0.111618	0.105813
background753	0.100849	0.08277855	0.0689459	0.177626	0.1216635	0.09905545
background754	0.0298452	0.0798725	0.0693089	0.150793	0.114105	0.1043775
background755	0.082101	0.0634367	0.0670358	0.1023	0.0965662	0.0932996
background756	0.10259	0.08257535	0.0639867	0.103445	0.0984173	0.107574
background757	0.0619581	0.07909725	0.0597681	0.134021	0.09970935	0.0973891
background758	0.0308595	0.08965035	0.0672487	0.144084	0.1240305	0.1021905
background759	0.150793	0.1110045	0.0626357	0.126299	0.100889	0.0986321
background760	0.095194	0.07277365	0.0613236	0.0952503	0.0961442	0.09355025
background761	0.0889216	0.07417595	0.0718548	0.122449	0.1057265	0.102048
background762	0.0601169	0.1022005	0.0602292	0.185468	0.113713	0.100449
background763	0.0449751	0.07751955	0.0628487	0.159656	0.10679	0.1024035
background764	0.0140822	0.0710713	0.0647546	0.112555	0.107603	0.09848295
background765	0.16651	0.0998422	0.0641297	0.199981	0.1287925	0.10047
background766	0.0540492	0.08919055	0.0632956	0.139471	0.107246	0.1063045
background767	0.126946	0.0658688	0.0681744	0.168328	0.110532	0.1037245
background768	0.0386875	0.105582	0.059208	0.158421	0.09487055	0.1025235
background769	0.088164	0.104892	0.0601875	0.096696	0.1039735	0.107932
background770	0.12	0.089149	0.0653653	0.164012	0.1224245	0.0972988
background771	0.0621029	0.0626555	0.0670696	0.0891948	0.09242255	0.102529
background772	-0.00274817	0.0906643	0.064558	0.14918	0.09876115	0.09779395
background773	0.0575716	0.0601668	0.0653653	0.100114	0.11566	0.0960269
background774	0.0135033	0.08307795	0.0702878	0.112833	0.123378	0.101083
background775	0.184773	0.063841	0.0640364	0.120596	0.112313	0.10259
background776	0.0990822	0.0706273	0.0595701	0.0955453	0.1215225	0.09510775
background777	0.00911936	0.114727	0.0658572	0.135233	0.1061715	0.0997006
background778	0.120596	0.0715691	0.0636608	0.109577	0.1162005	0.1003145
background779	0.00208749	0.0923461	0.0609401	0.138582	0.113781	0.1012795
background780	0.122574	0.12941	0.0651025	0.102695	0.127823	0.09482525
background781	0.0235696	0.08102075	0.058656	0.123814	0.1188445	0.0967548
background782	0.160872	0.08088915	0.0638785	0.113123	0.1068415	0.105332
background783	0.074667	0.08961235	0.0633641	0.137654	0.153934	0.100404
background784	0.139978	0.08621275	0.0658905	0.153076	0.1006515	0.1031205
background785	0.0823336	0.08926725	0.0681281	0.16887	0.1111915	0.09653845
background786	0.0949208	0.1036695	0.0623324	0.123537	0.109774	0.103404
background787	0.140926	0.103841	0.0604231	0.145142	0.1022755	0.097593
background788	0.0586269	0.0929986	0.0647761	0.120027	0.112077	0.0966616
background789	0.0308106	0.08410885	0.0718548	0.1557	0.107741	0.101281
background790	0.169049	0.05785165	0.0657401	0.122841	0.1209585	0.1017495
background791	0.124233	0.0830352	0.0670696	0.140726	0.1197415	0.10014975
background792	0.169232	0.0490941	0.0675282	0.100207	0.1298155	0.099259
background793	0.069498	0.1034505	0.0657854	0.0899054	0.114923	0.1057485
background794	0.0513592	0.06907965	0.0669029	0.148513	0.105316	0.102041
background795	0.115517	0.1008565	0.063731	0.15303	0.113367	0.0954654
background796	0.125651	0.08834795	0.0674497	0.0779869	0.110532	0.09941335
background797	0.018819	0.110134	0.065113	0.0951594	0.137952	0.1026835
background798	0.0185944	0.06196475	0.0632956	0.131515	0.1071045	0.1035395
background799	0.143556	0.07700195	0.0715678	0.0585013	0.1018505	0.1060365
background800	0.0990936	0.08964135	0.0586269	0.183595	0.10047	0.0977099
background801	0.00057874	0.0855961	0.0628984	0.0911672	0.1170375	0.104211
background802	0.0531373	0.0932174	0.0579417	0.0852248	0.132867	0.1023955
background803	0.018513	0.0827644	0.0719507	0.131515	0.126192	0.1045355
background804	0.100849	0.07594315	0.0673727	0.0842256	0.119485	0.1018015
background805	0.0624765	0.0860581	0.0616075	0.153404	0.1204245	0.099259
background806	0.138611	0.08503545	0.0760234	0.0971817	0.1093135	0.09927225
background807	0.0382575	0.07087365	0.0702878	0.154277	0.1212625	0.101629
background808	0.106492	0.08003375	0.0655969	0.211213	0.1196975	0.0959323
background809	0.136098	0.0994258	0.0650701	0.0679144	0.1133045	0.0976686
background810	0.000362812	0.0714901	0.0690492	0.164503	0.121865	0.10047
background811	0.123075	0.06244165	0.0681829	0.0961346	0.0958764	0.110242
background812	0.109627	0.0780051	0.0651678	0.101536	0.11017	0.100587
background813	0.0558076	0.0833112	0.0663512	0.143604	0.112038	0.100449
background814	0.0415377	0.07120455	0.0655969	0.166804	0.1131285	0.1043035
background815	0.122398	0.10485	0.0702878	0.130457	0.117895	0.09990045
background816	0.101925	0.08918765	0.0601134	0.13066	0.09441865	0.098389
background817	-0.00010102	0.102148	0.0639867	0.13537	0.1234605	0.0980549
background818	0.0964577	0.10275	0.0647761	0.142292	0.1238135	0.1030605
background819	0.0921523	0.07239215	0.06944	0.084129	0.1322995	0.09941345
background820	0.180176	0.098661	0.0673558	0.160102	0.118505	0.0988715
background821	0.0544177	0.0844453	0.0669029	0.123821	0.1210445	0.0960722
background822	0.05484	0.0623693	0.0637005	0.138611	0.1212405	0.09268505
background823	0.00492512	0.0890675	0.0679765	0.101317	0.10957	0.09130235
background824	0.0703814	0.07319345	0.0638282	0.141385	0.10079505	0.0955901
background825	0.191323	0.0934412	0.0546522	0.145987	0.10996	0.09799525
background826	0.0539417	0.0822148	0.0605204	0.122147	0.103346	0.107932
background827	0.002572	0.0765534	0.0673727	0.0832155	0.117705	0.09607385
background828	0.0423254	0.0877984	0.0616075	0.151722	0.1100795	0.1023165
background829	0.133572	0.09878025	0.0584513	0.101659	0.101281	0.0992028
background830	0.0701486	0.0844971	0.0670696	0.124546	0.09354245	0.09802875
background831	-0.000483512	0.0960283	0.0675706	0.138611	0.1030065	0.100845
background832	0.159342	0.0920097	0.0580479	0.106841	0.09605445	0.10047
background833	0.0471805	0.084501	0.0621029	0.142857	0.126749	0.1031145
background834	-7.84895e-17	0.07564105	0.0720663	0.111521	0.132116	0.09778955
background835	0.0817647	0.118808	0.067344	0.186364	0.1613675	0.0972312
background836	0.0411099	0.08570545	0.0677096	0.0958805	0.1282855	0.100775
background837	-0.00400311	0.1012436	0.058809	0.057627	0.132861	0.1108465
background838	0.152221	0.0459572	0.0602292	0.119565	0.0920914	0.10047
background839	0.0567585	0.09071415	0.0671077	0.105161	0.1365745	0.105508
background840	0.000157823	0.08454785	0.0586504	0.0899054	0.123326	0.101315
background841	0.153795	0.07960705	0.0686249	0.179944	0.121773	0.10047
background842	0.141187	0.07607455	0.0670696	0.140005	0.1389835	0.1032085
background843	-0.00010102	0.1012115	0.0616075	0.163934	0.09806505	0.1021165
background844	-0.010152	0.080348	0.0682102	0.139862	0.1115005	0.099218
background845	0.13812	0.0903573	0.0676219	0.154821	0.116403	0.1062895
background846	0.0194842	0.08133455	0.0616075	0.118397	0.107481	0.09813615
background847	0.111367	0.1263225	0.0639695	0.0994257	0.1539925	0.1096835
background848	0.0994632	0.0839071	0.0606287	0.166476	0.1114565	0.107513
background849	0.10149	0.09306995	0.0669029	0.133316	0.1392775	0.1004085
background850	0.0548583	0.06091835	0.0681829	0.167808	0.1124895	0.09576435
background851	0.0161385	0.08742905	0.0646502	0.10419	0.10067645	0.1076
background852	0.0825617	0.0772204	0.0718548	0.0873968	0.1392965	0.111861
background853	0.0741111	0.102845	0.0632956	0.12318	0.1193645	0.106928
background854	0.0455922	0.0721892	0.0629023	0.1127	0.1090005	0.10259
background855	0.0741363	0.0854138	0.0641702	0.181547	0.139107	0.0996186
background856	0.10701	0.07298985	0.0632836	0.109952	0.1021925	0.09934985
background857	0.0612245	0.07434525	0.0742	0.0786758	0.108116	0.096969
background858	0.0417985	0.0656028	0.0645455	0.140726	0.1174525	0.0976686
background859	0.107904	0.07522795	0.0667006	0.112833	0.103988	0.1080785
background860	0.0527872	0.09124865	0.068655	0.208286	0.138078	0.09712395
background861	0.05943	0.1084855	0.0673727	0.111367	0.120304	0.1063135
background862	0.0205281	0.10453315	0.0684483	0.15598	0.11489	0.1003865
background863	0.150068	0.0701688	0.0721649	0.125843	0.1274295	0.09655505
background864	0.189989	0.0859334	0.0636745	0.045283	0.1215055	0.0999032
background865	0.00149607	0.10169885	0.0645455	0.140726	0.117179	0.103448
background866	0.13853	0.0806616	0.0679935	0.135734	0.0988407	0.1058165
background867	0.0320361	0.0917986	0.0642474	0.123463	0.09930765	0.1032975
background868	0.00873066	0.09609695	0.0616075	0.118199	0.111659	0.1006085
background869	0.0952424	0.0762835	0.0677652	0.144318	0.1050255	0.0990232
background870	0.020608	0.118115	0.0712918	0.0883317	0.1203005	0.1011455
background871	0.0958805	0.07360975	0.06808	0.0770845	0.12312	0.1003415
background872	0.154112	0.0724294	0.0721892	0.184773	0.0969805	0.1009525
background873	0.0449751	0.108261	0.0578285	0.170636	0.1240305	0.1022515
background874	0.176073	0.06634655	0.0712659	0.154416	0.132236	0.097942
background875	0.00995151	0.0703846	0.0699724	0.0950828	0.1210765	0.0977099
background876	0.13853	0.0695456	0.0688211	0.10738	0.114581	0.1015255
background877	0.0672049	0.08888445	0.0623324	0.0904079	0.107638	0.09547015
background878	0.118701	0.0825482	0.0654506	0.12861	0.113595	0.100907
background879	0.116412	0.0871208	0.059939	0.14746	0.0942728	0.102041
background880	0.0333458	0.0961613	0.0670696	0.132005	0.09832705	0.1019995
background881	0.133751	0.0897031	0.0698672	0.150068	0.1161125	0.09903285
background882	0.0261366	0.0722095	0.0681829	0.119978	0.120627	0.1066335
background883	0.0581111	0.08997725	0.0549893	0.155675	0.09973545	0.1025325
background884	0.00692089	0.094112	0.0658644	0.127018	0.106904	0.1003185
background885	0.0749719	0.0589298	0.0659841	0.0658331	0.1028075	0.09639125
background886	0.0117072	0.08612795	0.0616075	0.0823666	0.10077165	0.107611
background887	0.103591	0.0607056	0.0633614	0.144468	0.096837	0.09544775
background888	0.0873257	0.08019865	0.066719	0.140726	0.12508	0.09242155
background889	0.0741111	0.0900444	0.0736701	0.112867	0.123265	0.1010245
background890	-0.00398106	0.1216935	0.0659908	0.137477	0.1096685	0.0995014
background891	0.057957	0.05755055	0.0621321	0.0998533	0.110891	0.0980841
background892	0.0247399	0.05511245	0.0651213	0.16086	0.1059665	0.09787725
background893	0.0751524	0.07593785	0.0619581	0.185567	0.1407665	0.1059955
background894	0.0937821	0.0793171	0.0552204	0.0977289	0.1275515	0.10153
background895	0.057957	0.115123	0.0642714	0.19763	0.12059	0.1070785
background896	0.0950828	0.05837485	0.0681829	0.116263	0.1268245	0.09346365
background897	0.0214544	0.07466315	0.0616075	0.121875	0.130126	0.10107
background898	-0.0095202	0.08044645	0.0701293	0.11644	0.09200275	0.1013615
background899	0.0202072	0.07751045	0.0673991	0.186628	0.122273	0.106564
background900	0.0938207	0.08364615	0.0651882	0.123461	0.0960052	0.10000575
background901	0.0718548	0.100558	0.0693329	0.12581	0.1164355	0.1049915
background902	0.0482341	0.09164695	0.0669029	0.1252	0.13066	0.09924695
background903	0.128271	0.07763675	0.0636915	0.131779	0.117995	0.111032
background904	0.153317	0.08328905	0.0669029	0.0650922	0.112961	0.10047
background905	-0.000513624	0.0717366	0.0651213	0.0826328	0.125673	0.0967965
background906	0.0300055	0.0695891	0.0681744	0.178848	0.09431885	0.0977099
background907	0.00452231	0.0769123	0.0622849	0.140233	0.104637	0.10259
background908	0.083457	0.05777175	0.0612245	0.0739217	0.1070635	0.1026365
background909	0.00529678	0.0933559	0.0616075	0.171373	0.1101395	0.1029535
background910	0.0100079	0.0527028	0.0626216	0.0435924	0.104986	0.0938207
background911	0.0106174	0.08836635	0.0706827	0.176977	0.1230355	0.105393
background912	0.148839	0.09471055	0.0678564	0.213527	0.1300045	0.0937364
background913	0.0298022	0.0951677	0.064558	0.186164	0.111314	0.09412195
background914	0.0461139	0.08814815	0.0659759	0.143493	0.09229375	0.1069385
background915	0.0815916	0.09591335	0.070706	0.119964	0.139617	0.102032
background916	0.0824742	0.09010635	0.0681744	0.125081	0.107816	0.08628405
background917	0.0838304	0.06717775	0.0770397	0.231362	0.1136795	0.1021775
background918	0.0279539	0.1100325	0.068394	0.0791534	0.1316565	0.0981054
background919	0.148839	0.07499265	0.0633714	0.0771692	0.129365	0.1011495
background920	0.145646	0.1097895	0.0636915	0.0987987	0.147583	0.1045845
background921	0.107438	0.0684147	0.0666387	0.107263	0.1209945	0.102063
background922	0.118157	0.08552105	0.0628131	0.138219	0.1061235	0.105602
background923	0.00562827	0.0816712	0.0627542	0.17444	0.115971	0.09896095
background924	0.0539417	0.0825148	0.0733599	0.099259	0.1227675	0.102504
background925	0.0169298	0.1002965	0.0666667	0.0801167	0.110532	0.106211
background926	0.0398192	0.06525525	0.0698541	0.237965	0.112623	0.1062165
background927	0.188906	0.0897935	0.0670696	0.0657365	0.131379	0.1027625
background928	0.0527865	0.0754455	0.0651561	0.172667	0.116599	0.0977352
background929	0.107932	0.1132255	0.0695474	0.187304	0.1005758	0.09704985
background930	0.0258645	0.1399645	0.0591165	0.0461029	0.08826935	0.1058255
background931	0.120496	0.0781367	0.0718548	0.165488	0.1324325	0.102453
background932	0.105775	0.0974405	0.0716066	0.0867447	0.100654	0.0992582
background933	0.160867	0.0809151	0.0593376	0.118197	0.1097435	0.1010685
background934	0.0552963	0.07257035	0.0735459	0.148457	0.121523	0.1060145
background935	0.0431883	0.04270055	0.0623324	0.0878602	0.1264115	0.0976273
background936	0.0140563	0.06769755	0.067221	0.183673	0.1034005	0.1002795
background937	-0.00416945	0.08796875	0.0669375	0.15778	0.126876	0.0989457
background938	0.0433451	0.0855854	0.0681829	0.0514242	0.1302905	0.09875985
background939	0.0468383	0.06724535	0.0646334	0.112361	0.135304	0.0923461
background940	0.0908305	0.0656225	0.0633084	0.138656	0.120596	0.09514605
background941	0.0103556	0.0607144	0.058809	0.182839	0.1330385	0.09848015
background942	0.00479868	0.08482065	0.0602292	0.128012	0.130288	0.0936905
background943	0.0786908	0.06175415	0.0616088	0.136928	0.112008	0.107932
background944	0.0369636	0.119483	0.0664526	0.128278	0.107325	0.1019715
background945	0.127847	0.06955135	0.0544177	0.112547	0.09950715	0.09667865
background946	0.133679	0.08327685	0.0703412	0.133316	0.1146835	0.104425
background947	0.0678822	0.09662115	0.0672482	0.152286	0.1510345	0.0991324
background948	0.0673789	0.08190425	0.0618153	0.20196	0.0826366	0.1051855
background949	0.0359165	0.0649172	0.0633641	0.0699724	0.1159975	0.09891145
background950	0.0592462	0.09689845	0.0690678	0.150793	0.102194	0.1014725
background951	0.000207195	0.0953584	0.0669029	0.177391	0.113663	0.10003985
background952	0.101108	0.0820734	0.0633736	0.141595	0.11231	0.09399165
background953	0.0158982	0.09811375	0.0608435	0.107811	0.1270055	0.1047535
background954	0.057957	0.09243455	0.0644206	0.181244	0.1107415	0.100543
background955	0.0945449	0.0673967	0.063267	0.162669	0.08457635	0.102201
background956	0.0544363	0.0763958	0.0690828	0.195467	0.091377	0.10588
background957	0.0816331	0.0905617	0.0633641	0.108539	0.1201195	0.1011955
background958	0.111367	0.06639305	0.0702878	0.128476	0.1399545	0.0957316
background959	0.112245	0.07525455	0.0669029	0.166742	0.135676	0.1002595
background960	0.010454	0.1107855	0.0608094	0.128834	0.0985182	0.1064485
background961	0.0618898	0.087027	0.0659471	0.140048	0.0966568	0.1043405
background962	0.0956854	0.08775085	0.0604548	0.110374	0.105726	0.1008215
background963	0.000315622	0.07986015	0.0659173	0.0888928	0.10211795	0.101554
background964	0.148839	0.08668515	0.0734459	0.0878805	0.123075	0.09238035
background965	0.000207195	0.09945535	0.0615487	0.168	0.130167	0.10047
background966	0.126946	0.101986	0.0713545	0.134769	0.120469	0.1029245
background967	0.0806712	0.0818898	0.0681318	0.0989526	0.106582	0.1062685
background968	0.0568677	0.0760004	0.0637586	0.157211	0.112566	0.1031035
background969	0.0943304	0.057757	0.0654809	0.0930652	0.1192125	0.09840555
background970	0.0476879	0.059883	0.0602292	0.102748	0.1127255	0.0973726
background971	0.0895253	0.0461142	0.0721649	0.183065	0.112833	0.09942065
background972	0.0941788	0.0854718	0.063562	0.0923461	0.1267325	0.1060225
background973	-0.000267229	0.0835435	0.0702878	0.0249258	0.1091225	0.103665
background974	0.0480005	0.0724468	0.0616403	0.200591	0.1074185	0.1027625
background975	0.0612938	0.06284525	0.0616075	0.030976	0.1134485	0.1032365
background976	0.03125	0.08732735	0.0577337	0.154911	0.152144	0.1051325
background977	0.0333581	0.06783285	0.0668151	0.113251	0.120189	0.1003865
background978	0.0923461	0.1027965	0.0646231	0.178884	0.109879	0.1103695
background979	-0.00870546	0.08924035	0.0645423	0.141462	0.1009	0.09983495
background980	0.0183106	0.08949975	0.0689194	0.0528482	0.1166955	0.1032125
background981	0.0928535	0.0940576	0.0633641	0.171613	0.1025355	0.09731425
background982	0.0107923	0.06840515	0.0621003	0.171347	0.102682	0.104402
background983	0.023129	0.09052345	0.0550143	0.0807142	0.114268	0.09876035
background984	0.0401603	0.0888136	0.0616075	0.199981	0.1204715	0.104525
background985	0.0766015	0.07264235	0.0697445	0.0695353	0.1059745	0.0959453
background986	0.133572	0.06311	0.0633862	0.117203	0.09435915	0.1027155
background987	0.0775871	0.0924744	0.0681829	0.207712	0.09908305	0.0975708
background988	0.107582	0.0582444	0.0647091	0.141992	0.114537	0.09705925
background989	0.0139673	0.1031215	0.0621029	0.184027	0.111045	0.10047
background990	-0.00744103	0.0725629	0.0612906	0.167259	0.109815	0.1011755
background991	0.149167	0.09928215	0.0616075	0.0450541	0.08371325	0.101883
background992	0.133082	0.07962545	0.0714286	0.120596	0.1194545	0.0963356
background993	0.0411099	0.09897655	0.0622124	0.12217	0.1073725	0.1048165
background994	0.0407696	0.1098325	0.0678942	0.126946	0.1009965	0.109941
background995	0.00529678	0.08755375	0.0640717	0.0593569	0.07084635	0.1044405
background996	0.0164971	0.0834808	0.0693089	0.14167	0.1225515	0.09783785
background997	0.0115513	0.0909622	0.0621564	0.0972812	0.126413	0.1080805
background998	0.0177087	0.0858088	0.0630574	0.0918367	0.12106	0.1006
background999	0.104675	0.0771319	0.0640909	0.150068	0.1177605	0.1030465
background1000	0.0180251	0.07932825	0.0635405	0.100303	0.114099	0.0919753
