relictMORE.0.0001	relictMORE.0.001	relictMORE.0.01	nonrelictMORE.0.0001	nonrelictMORE.0.001	nonrelictMORE.0.01
True	0.3018555	0.163265	0.13066	0.109302	0.0653655	0.0839942
background1	0.1660175	0.126641	0.105599	0.000766122	0.0854261	0.0616075
background2	0.18382	0.1301305	0.103051	0.066417	0.0589819	0.0701323
background3	0.1672315	0.1117295	0.0995479	0.00660379	0.08247065	0.0710652
background4	0.0912142	0.1259435	0.105307	0.0740332	0.08551165	0.0698092
background5	0.147029	0.1311365	0.109952	0.0414858	0.06800235	0.0742441
background6	0.1170375	0.11694	0.101968	0.0649797	0.07082305	0.0753555
background7	0.0904596	0.1238175	0.105151	0.112122	0.06824555	0.068655
background8	0.1637955	0.1221185	0.107808	0.0365092	0.0580944	0.0651025
background9	0.1178685	0.117842	0.103594	0.183468	0.0794173	0.0645469
background10	0.0891528	0.1293575	0.102946	0.0210253	0.0825042	0.0639276
background11	0.146297	0.1127555	0.100198	0.321305	0.06777295	0.0702763
background12	0.0913572	0.1292435	0.107365	0.247566	0.06980655	0.071729
background13	0.1428775	0.09744575	0.0993839	-0.010203	0.0733616	0.0621029
background14	0.04038505	0.1317295	0.103272	0.0959556	0.07643365	0.0657692
background15	0.13873	0.132261	0.101694	0.098075	0.07820335	0.0738557
background16	0.137199	0.130281	0.104166	0.00529678	0.06543865	0.0638029
background17	0.125975	0.119149	0.102041	0.0342857	0.07279665	0.0669746
background18	0.1214225	0.1109495	0.105372	-0.00598802	0.0774815	0.0735459
background19	0.142906	0.123271	0.10259	0.334651	0.08901505	0.0643072
background20	0.1208655	0.116308	0.102748	0.00886265	0.06664715	0.0681744
background21	0.1371265	0.1333975	0.105815	0.0451318	0.07250835	0.0656353
background22	0.14553145	0.1238385	0.107932	0.00995151	0.06196385	0.0666297
background23	0.118549	0.1045285	0.103851	0.0321257	0.04458805	0.0734017
background24	0.168214	0.135577	0.106876	0.11331	0.07999995	0.0735459
background25	0.134112	0.1093245	0.0997444	0.168195	0.08787675	0.0607598
background26	0.125318	0.10776	0.109234	0.0611996	0.0701817	0.0670696
background27	0.16452	0.130367	0.0952881	0.0798853	0.098013	0.0669029
background28	0.159989	0.103383	0.104679	0.00300407	0.0770397	0.0651718
background29	0.138131	0.115767	0.102748	0.271806	0.0843116	0.0623324
background30	0.115014	0.112268	0.104553	0.0304437	0.0931986	0.0640622
background31	0.134737	0.09512335	0.102432	0.015379	0.0687393	0.068655
background32	0.0893144	0.114821	0.100095	0.0411099	0.06711695	0.0616075
background33	0.1528765	0.1207105	0.108748	0.312606	0.08496195	0.0666667
background34	0.0957436	0.111186	0.10149	0.285993	0.05730375	0.0652551
background35	0.1614885	0.11199	0.103206	0.278917	0.07368585	0.0643734
background36	0.1563875	0.09688855	0.102559	0.032183	0.08768895	0.0698672
background37	0.150822	0.10065295	0.104166	0.141584	0.07445355	0.0702878
background38	0.1432575	0.1240495	0.104675	0.0377808	0.09279515	0.0745993
background39	0.1344135	0.117295	0.110192	0.183101	0.05727655	0.0690222
background40	0.1466965	0.122808	0.106327	0.200344	0.08615325	0.0627802
background41	0.1752085	0.127586	0.10435	0.0466426	0.0494116	0.0658322
background42	0.1905485	0.099902	0.102041	0.0210253	0.07778305	0.0785305
background43	0.2050725	0.1119335	0.105151	0.0716637	0.08583645	0.0772067
background44	0.178749	0.1130445	0.103051	0.0908283	0.0654968	0.0754423
background45	0.133768	0.1585485	0.099259	0.0311611	0.07315145	0.0700464
background46	0.137076	0.1193765	0.102819	0.323069	0.0930742	0.0737368
background47	0.151558	0.1065925	0.105302	0.223634	0.05742225	0.0705155
background48	0.143122	0.143036	0.103991	0.00288891	0.0690207	0.0721892
background49	0.1826875	0.1203265	0.104167	0.00995151	0.0826381	0.0665741
background50	0.08863935	0.1347805	0.105151	0.0651882	0.09514305	0.070766
background51	0.1157185	0.1266615	0.110532	0.305514	0.0543897	0.0718548
background52	0.1678675	0.10553	0.105897	0.0164676	0.09894615	0.0668929
background53	0.09990455	0.09932525	0.0997444	0.0363793	0.05561145	0.0690483
background54	0.1117425	0.1271	0.105357	0.308534	0.0803474	0.0681744
background55	0.17123	0.1229875	0.105722	0.000322198	0.06413665	0.0668479
background56	0.08183525	0.1106595	0.107152	0.00219007	0.06748485	0.0669029
background57	0.2206895	0.1206245	0.107699	0.326531	0.0565691	0.0684522
background58	0.08265365	0.12537	0.104953	0.0407835	0.06806505	0.0749395
background59	0.09793235	0.1081805	0.100677	0.164598	0.07654055	0.0718548
background60	0.10468245	0.114287	0.105506	0.0454381	0.0630418	0.0755324
background61	0.1899845	0.10047	0.100966	0.0106174	0.0614406	0.0744456
background62	0.1254195	0.119077	0.102041	0.062996	0.0711136	0.0742424
background63	0.09168655	0.125084	0.099259	0.0497307	0.09066105	0.0640909
background64	0.181377	0.11765	0.10047	0.00751461	0.07592845	0.0712918
background65	0.154395	0.1102955	0.108374	0.255911	0.0695246	0.0702878
background66	0.123325	0.0929506	0.106284	0.293901	0.0504629	0.0670696
background67	0.10898245	0.103784	0.101699	0.0207421	0.07687805	0.0698435
background68	0.1149535	0.1207535	0.104648	0.0306122	0.0532873	0.073592
background69	0.1314275	0.131273	0.105722	0.389833	0.07870125	0.0719507
background70	0.1289095	0.1166845	0.0977099	0.321629	0.0775237	0.0669688
background71	0.162015	0.1231235	0.0982595	0.0308595	0.05233605	0.0643163
background72	0.15537	0.1050005	0.109678	0.295005	0.06273145	0.0725451
background73	0.11811	0.1309305	0.102531	0.305897	0.0749577	0.0622158
background74	0.1568605	0.1201395	0.103051	0.181593	0.07038455	0.0702938
background75	0.137274	0.1199395	0.105436	-0.00467833	0.06839805	0.0690483
background76	0.2180005	0.121147	0.105918	0.0173775	0.07444555	0.0714286
background77	0.10151275	0.1142155	0.103533	0.0191559	0.09129455	0.0681829
background78	0.1737645	0.10723	0.102404	-0.00831788	0.0797416	0.0690492
background79	0.1576645	0.1148675	0.105302	0.382719	0.07098545	0.0643734
background80	0.1872925	0.1256055	0.108133	0.119476	0.09084605	0.0651025
background81	0.175454	0.1092775	0.104211	0.0314846	0.0692736	0.0618557
background82	0.143789	0.13066	0.10905	0.12869	0.0767413	0.0758884
background83	0.1274265	0.09268825	0.10805	0.389176	0.07870925	0.0643316
background84	0.12562	0.1153805	0.0973361	0.0576605	0.07291495	0.067756
background85	0.1410675	0.1182145	0.108098	0.0363629	0.07869355	0.0718548
background86	0.152695	0.1398065	0.104053	0.0629786	0.0623693	0.0705677
background87	0.133586	0.112895	0.107218	0.120917	0.0937434	0.0651435
background88	0.113848	0.124558	0.100849	0.0888928	0.0796655	0.0710011
background89	0.1964655	0.114727	0.100849	0.0785305	0.0711461	0.0712918
background90	0.1239745	0.124673	0.108748	0.159386	0.04319465	0.0663408
background91	0.165542	0.113762	0.10047	0.0103093	0.06251375	0.0616075
background92	0.06499375	0.114876	0.103508	0.0308595	0.0712029	0.0660196
background93	0.17959	0.1148075	0.099259	0.199703	0.07953815	0.0645469
background94	0.103057	0.1208345	0.10047	0.234463	0.07485365	0.0742424
background95	0.145813	0.0999569	0.104275	0.109175	0.0506492	0.0713743
background96	0.136195	0.12063	0.107769	-0.00593417	0.0547839	0.0670032
background97	0.1097989	0.12302	0.107932	0.00681854	0.0500643	0.0772765
background98	0.1212015	0.110349	0.10259	0.0073611	0.04969025	0.0705723
background99	0.1057665	0.144993	0.104773	0.0313099	0.0770186	0.0676559
background100	0.1352835	0.154102	0.103206	-0.00602025	0.0755431	0.0670696
background101	0.1276035	0.126955	0.10047	0.0769773	0.06103895	0.0624765
background102	0.09131635	0.11453	0.100849	0.140141	0.0532898	0.0653727
background103	0.166701	0.120607	0.104675	0.0469964	0.0646543	0.067756
background104	0.0840192	0.1177405	0.108374	0.0689076	0.0869386	0.0663512
background105	0.134343	0.133862	0.107932	0.246194	0.06242715	0.0702878
background106	0.119705	0.133232	0.108079	0.212965	0.0675221	0.0707837
background107	0.1036437	0.1118155	0.103422	-0.00657738	0.0581206	0.0676127
background108	0.09072785	0.1100325	0.110532	0.230156	0.07293005	0.068482
background109	0.178358	0.1443645	0.102481	0.141722	0.05192415	0.0696891
background110	0.168565	0.1200795	0.104403	0.287854	0.0587334	0.0728151
background111	0.1496785	0.120752	0.104156	0.0120209	0.0629421	0.0684746
background112	0.143776	0.132456	0.102041	0.0275449	0.0835582	0.0722116
background113	0.121692	0.111655	0.100255	0.0698006	0.06076745	0.0662301
background114	0.135693	0.1221665	0.0963522	0.123	0.0690734	0.0684127
background115	0.184092	0.113018	0.107601	0.0164971	0.0809499	0.0622463
background116	0.09421975	0.138737	0.095334	0.0411099	0.05898145	0.0714286
background117	0.1691165	0.1050305	0.100821	0.322664	0.0999458	0.0624598
background118	0.166974	0.0993513	0.105538	0.00324153	0.0723905	0.0774318
background119	0.11040585	0.125868	0.108748	0.0302011	0.0761481	0.0702878
background120	0.145457	0.134174	0.0990001	0.0151567	0.08635	0.0718548
background121	0.1756845	0.1143445	0.102896	0.127033	0.06510175	0.0673155
background122	0.117725	0.1246255	0.0981509	-0.00878935	0.078127	0.0702878
background123	0.123244	0.1086805	0.102124	0.0153934	0.0594599	0.0756162
background124	0.19018	0.120287	0.10047	0.0189484	0.0904079	0.0714286
background125	0.1346765	0.1464125	0.101694	0.123917	0.0842075	0.0721892
background126	0.1135745	0.1017585	0.0974788	0.0710058	0.0647896	0.0708871
background127	0.1144665	0.110952	0.110756	0.0737498	0.068451	0.0730328
background128	0.1811315	0.114735	0.107507	0.323448	0.05548465	0.0778878
background129	0.1495325	0.1121135	0.109057	0.0434818	0.08708515	0.0689286
background130	0.138206	0.1330485	0.0948075	0.023738	0.0662601	0.0699724
background131	0.1912585	0.11217	0.10419	0.269487	0.05864865	0.069498
background132	0.1424445	0.129045	0.108082	0.082101	0.05342015	0.0633084
background133	0.109125	0.108301	0.0990001	0.00290747	0.0914836	0.0728617
background134	0.148017	0.1062865	0.0992467	0.0651213	0.06536495	0.0676843
background135	0.161261	0.126782	0.103653	0.00288891	0.05602825	0.0718548
background136	0.1297855	0.1328935	0.10047	0.0810104	0.1011291	0.0693089
background137	0.1446675	0.1138645	0.0998489	0.246965	0.1007035	0.0650732
background138	0.1662685	0.118674	0.105091	0.143149	0.06155715	0.0659764
background139	0.118504	0.1172845	0.102748	0.0398251	0.04607235	0.0623202
background140	0.1394315	0.1349065	0.104664	0.28382	0.0683383	0.0734897
background141	0.157619	0.107351	0.0996446	0.0108867	0.08267245	0.0693089
background142	0.0868987	0.110312	0.106525	0.0219603	0.0704191	0.05888
background143	0.1493715	0.103778	0.0973463	0.0498371	0.04326665	0.0722385
background144	0.103362	0.122725	0.102777	0.0568738	0.06779215	0.0627621
background145	0.1466205	0.131399	0.0999275	0.310642	0.04991785	0.0667541
background146	0.200871	0.102416	0.106971	0.0463771	0.0775343	0.0670696
background147	0.144059	0.1111285	0.102041	0.0185043	0.09893135	0.0667006
background148	0.0771744	0.1060055	0.104396	0.123	0.0765515	0.0743421
background149	0.1085305	0.1174085	0.105993	0.0026225	0.0658395	0.0651025
background150	0.162518	0.137687	0.102158	0.0670358	0.0630003	0.0721892
background151	0.128941	0.1201025	0.10443	0.074208	0.0632142	0.0678822
background152	0.109769	0.11102	0.102971	0.149029	0.07074905	0.0669029
background153	0.10771055	0.1158025	0.103051	0.0178775	0.0735066	0.0673773
background154	0.155167	0.120596	0.110532	0.0252225	0.0616202	0.0712553
background155	0.09466615	0.1304675	0.0988519	0.0442943	0.07419885	0.0654809
background156	0.129327	0.1126155	0.107365	0.302557	0.07837295	0.0630574
background157	0.2196015	0.1284795	0.10634	0.342602	0.08791415	0.0659759
background158	0.145597	0.1202355	0.106876	0.112632	0.066684	0.0690557
background159	0.1208155	0.130729	0.100793	0.143091	0.0894147	0.0772765
background160	0.10841535	0.1336025	0.105986	0.0867829	0.0733335	0.0682353
background161	0.148968	0.125621	0.110928	0.321507	0.07688465	0.0674532
background162	0.1066465	0.1168345	0.106224	0.270422	0.06318105	0.0735459
background163	0.159579	0.1218665	0.099651	0.000590798	0.08002895	0.0655409
background164	0.10944	0.121401	0.101167	0.013826	0.0933371	0.0755354
background165	0.1668365	0.1113355	0.10259	0.0372	0.09371445	0.0772765
background166	0.1075285	0.09972955	0.100991	0.0320187	0.06062605	0.0727958
background167	0.125719	0.1085525	0.105359	0.269028	0.06361825	0.069794
background168	0.112269	0.136992	0.102631	0.104893	0.0633734	0.0760369
background169	0.121027	0.1215925	0.102416	0.0171496	0.08036135	0.0724725
background170	0.1113155	0.1057195	0.111367	0.110526	0.06334355	0.0718548
background171	0.143836	0.1149095	0.101466	0.13542	0.0834278	0.0730328
background172	0.1254875	0.0983269	0.0993839	0.0795952	0.07506675	0.0718548
background173	0.144901	0.132346	0.104366	0.28005	0.0626989	0.078429
background174	0.133924	0.125222	0.102041	0.335731	0.06409835	0.0648614
background175	0.11280925	0.1018775	0.104664	0.0966909	0.0755887	0.0754882
background176	0.08364865	0.130734	0.100953	0.000362812	0.07588715	0.0689381
background177	0.136089	0.0998265	0.104907	0.0185006	0.09295865	0.068491
background178	0.122171	0.1252465	0.104588	0.020005	0.0736376	0.0702878
background179	0.1377775	0.1203845	0.104396	0.198493	0.0674324	0.0772015
background180	0.165109	0.1070395	0.105875	0.0798179	0.08513265	0.0699724
background181	0.1359045	0.087491	0.110532	0.161549	0.0795708	0.0745124
background182	0.1315755	0.1080785	0.102041	0.162689	0.05076545	0.0655448
background183	0.131781	0.1216515	0.104553	0.0691434	0.0821318	0.0730856
background184	0.126388	0.113635	0.104211	0.200394	0.0613264	0.0748827
background185	0.1626095	0.1348245	0.103976	0.206599	0.0456577	0.0659759
background186	0.195482	0.106544	0.104042	0.22314	0.0675366	0.0684522
background187	0.1300915	0.113491	0.104211	0.0442713	0.0754084	0.0710652
background188	0.1020045	0.128617	0.100978	0.0398251	0.0705073	0.0684233
background189	0.1407775	0.1013125	0.109936	0.0380734	0.07482535	0.0736701
background190	0.1727095	0.1200835	0.0978998	0.0688711	0.0576834	0.073592
background191	0.1464225	0.1106475	0.10047	0.0174821	0.05946985	0.0703655
background192	0.142881	0.142938	0.104211	0.225303	0.06393355	0.0651025
background193	0.12258	0.10736	0.103642	0.221192	0.09273985	0.0752455
background194	0.123231	0.116591	0.0983627	0.161603	0.0843153	0.0698735
background195	0.159437	0.142141	0.107932	6.04307e-17	0.0855342	0.067756
background196	0.1185755	0.1071815	0.0990822	0.0998691	0.07465515	0.0730328
background197	0.1662445	0.1166255	0.100601	0.0826843	0.0567032	0.0666667
background198	0.104043	0.11794	0.105554	-0.000410522	0.09407675	0.0719855
background199	0.121617	0.126282	0.108305	0.296308	0.06580755	0.0688281
background200	0.08281685	0.1174745	0.10259	0.018007	0.04180435	0.0653501
background201	0.1661225	0.1197435	0.107146	0.00492512	0.0784288	0.0702878
background202	0.132223	0.1141825	0.105366	0.020608	0.0811424	0.06944
background203	0.1646515	0.09839305	0.104211	0.14533	0.06056955	0.073592
background204	0.105623	0.1168645	0.106828	0.0957165	0.07403795	0.0750365
background205	0.182747	0.1220135	0.105027	0.0513592	0.0607297	0.0616075
background206	0.11164	0.102591	0.0995479	0.302431	0.05609515	0.0663408
background207	0.1544355	0.120941	0.102748	0.377551	0.0505961	0.0639726
background208	0.1801325	0.1027955	0.0995611	0.13082	0.0581508	0.0691026
background209	0.136258	0.1181145	0.107696	0.020005	0.06207435	0.0741363
background210	0.1797575	0.1029235	0.102111	0.0262351	0.06841895	0.063903
background211	0.1187245	0.1143515	0.105911	0.114618	0.0683224	0.066417
background212	0.1127845	0.11595	0.109627	0.0705723	0.05170805	0.0750494
background213	0.20144	0.12308	0.101299	0.128787	0.0951871	0.0646745
background214	0.1423975	0.117242	0.10259	0.193915	0.0882463	0.0673928
background215	0.0948768	0.1117215	0.103051	0.0326227	0.05680995	0.0705439
background216	0.148598	0.1215545	0.104211	0.0177927	0.0600795	0.0722558
background217	0.138423	0.134525	0.10259	0.0355235	0.0762831	0.0730328
background218	0.1569805	0.1029315	0.101061	-7.84895e-17	0.0635885	0.0750365
background219	0.08170015	0.09983255	0.108419	0.00830243	0.07014075	0.0670696
background220	0.08772465	0.12248	0.102078	0.0644206	0.0791471	0.0718548
background221	0.185035	0.1263325	0.100849	0.0196468	0.0603483	0.068655
background222	0.1342745	0.0964971	0.100849	0.29156	0.076939	0.0669435
background223	0.1666225	0.1222735	0.102628	0.108605	0.07484785	0.0721892
background224	0.2308565	0.132685	0.105722	0.322664	0.05073455	0.0702878
background225	0.1409265	0.100697	0.105208	-0.000393484	0.04909875	0.0672081
background226	0.1684875	0.1250635	0.101767	0.190654	0.091377	0.0670696
background227	0.09455765	0.115732	0.10561	0.173375	0.07896585	0.0718548
background228	0.0900493	0.104579	0.10259	-0.010152	0.0539654	0.0705723
background229	0.11813	0.115274	0.106877	0.159386	0.0800465	0.0721892
background230	0.1154605	0.117261	0.103051	0.052205	0.059456	0.0735459
background231	0.1629535	0.112047	0.103653	0.0231634	0.0779334	0.0688817
background232	0.139488	0.132242	0.0929059	0.0163793	0.07452695	0.0710652
background233	0.1523795	0.1147395	0.0999355	0.0589346	0.0701399	0.0591165
background234	0.133015	0.127018	0.109189	0.178172	0.06864135	0.0616075
background235	0.1349735	0.131219	0.0995611	0.161567	0.065756	0.0768307
background236	0.1087905	0.116091	0.103594	0.262478	0.06612775	0.0721892
background237	0.09863785	0.1316565	0.0995121	0.0180192	0.0843482	0.073592
background238	0.124764	0.124788	0.106759	0.0981156	0.0706028	0.0630272
background239	0.152933	0.114567	0.110906	0.0473501	0.03687435	0.0681829
background240	0.1927915	0.1428445	0.103047	0.261534	0.0690953	0.0794795
background241	0.0740643	0.1064115	0.104773	0.101766	0.0616075	0.0718548
background242	0.10247085	0.123777	0.109952	0.00995151	0.0957977	0.0704467
background243	0.159417	0.1076345	0.10047	0.0215422	0.0462087	0.0599338
background244	0.165663	0.122845	0.105902	0.205098	0.06738495	0.0639867
background245	0.1379475	0.097902	0.102891	0.0652495	0.0742841	0.0712172
background246	0.09769405	0.1130445	0.105161	0.0869019	0.05576815	0.0692983
background247	0.1520925	0.118285	0.106274	0.0326531	0.0495585	0.0718548
background248	0.112414	0.1117185	0.107287	0.330779	0.08228385	0.0700852
background249	0.1615735	0.1141405	0.102041	0.0365487	0.0756258	0.0702878
background250	0.173573	0.1118725	0.0994257	0.000362812	0.07299445	0.0708494
background251	0.1366615	0.1278045	0.110642	0.00882654	0.0750654	0.0685845
background252	0.1362905	0.1141215	0.104211	0.0629786	0.05535535	0.0730561
background253	0.161627	0.1077855	0.105506	0.11558	0.0734623	0.0562103
background254	0.10549685	0.0905696	0.0961332	0.0395828	0.0828434	0.0665304
background255	0.134201	0.121809	0.105722	0.0483248	0.0657832	0.0714286
background256	0.1801015	0.117946	0.098877	0.0376136	0.0651542	0.0703119
background257	0.1142845	0.111325	0.103051	0.0626357	0.0620548	0.0751524
background258	0.0883121	0.110532	0.103456	0.122483	0.0432003	0.0696256
background259	0.188208	0.1219805	0.110532	0.0528837	0.0608706	0.0669029
background260	0.145157	0.1132805	0.102748	0.0757022	0.0432483	0.0724222
background261	0.19583	0.120707	0.10619	0.0341975	0.06081515	0.0752206
background262	0.153306	0.1152325	0.105138	0.344402	0.07270035	0.0718289
background263	0.138955	0.1315745	0.103458	0.0563983	0.0891086	0.0704467
background264	0.08704295	0.11386	0.102041	0.22122	0.0625053	0.0670278
background265	0.2736995	0.1060575	0.0977099	0.082101	0.04814115	0.0667163
background266	0.1162145	0.1131505	0.102168	0.0726568	0.05698125	0.0670278
background267	0.1541575	0.133167	0.0999275	0.305001	0.07042465	0.0689381
background268	0.15678	0.105544	0.10634	0.0214777	0.079114	0.0651025
background269	0.155829	0.09032285	0.10259	0.0400274	0.0677801	0.070323
background270	0.226389	0.134252	0.10047	0.300791	0.04290875	0.069596
background271	0.12061	0.1201705	0.103192	-0.000312533	0.09445235	0.0708531
background272	0.106465	0.1224225	0.102481	-0.00387087	0.06814825	0.0682793
background273	0.166577	0.1016995	0.110532	0.0616075	0.06205805	0.0658644
background274	0.1706655	0.1207555	0.103962	0.0584375	0.06226275	0.0770397
background275	0.11632	0.1069595	0.103554	0.0834278	0.06758925	0.0732503
background276	0.1594225	0.11452	0.10259	0.000918001	0.05622715	0.0694239
background277	0.1696375	0.1206735	0.100849	0.000362812	0.08634765	0.0714286
background278	0.14512	0.104536	0.106196	0.20662	0.05199675	0.0657577
background279	0.181032	0.1278785	0.096429	0.00370513	0.09751025	0.0699724
background280	0.1244675	0.1178155	0.10099	0.195218	0.06013495	0.0670696
background281	0.13363	0.108859	0.103352	0.0851648	0.08959625	0.0697609
background282	0.1566905	0.113899	0.103219	0.294103	0.08146905	0.0718548
background283	0.19523	0.106586	0.100849	0.0239033	0.0788541	0.0669029
background284	0.124148	0.12261	0.10286	0.0772765	0.0824934	0.0682247
background285	0.0958745	0.107353	0.0958738	0.0308046	0.06475255	0.0702878
background286	0.1830225	0.129794	0.101864	0.205424	0.06762125	0.0645423
background287	0.207265	0.136735	0.103243	0.304992	0.0739672	0.0690222
background288	0.0947506	0.119959	0.102041	-0.00010102	0.06091835	0.069498
background289	0.154709	0.0974002	0.101567	0.00496186	0.0890206	0.0718548
background290	0.08878785	0.09086525	0.105722	0.304053	0.0594914	0.0633654
background291	0.128552	0.0863656	0.110532	0.266954	0.06464215	0.063267
background292	0.155538	0.1215355	0.0993908	0.0565532	0.0663181	0.0656647
background293	0.10351425	0.125925	0.099259	0.062311	0.07295295	0.0621899
background294	0.1581805	0.112651	0.102891	0.307854	0.06030025	0.0669435
background295	0.1029461	0.11073	0.0990183	-0.00046097	0.0725297	0.0698585
background296	0.107437	0.1353795	0.111205	0.0504497	0.0740411	0.067756
background297	0.1269995	0.117557	0.10905	0.0689426	0.07503585	0.0718226
background298	0.146137	0.131814	0.10117	0.0103556	0.069215	0.0684522
background299	0.113935	0.1225105	0.0976676	0.217886	0.06070205	0.0750365
background300	0.1565815	0.1052005	0.100937	0.0454243	0.081275	0.0718548
background301	0.139253	0.125063	0.105506	0.0989429	0.05974475	0.0714858
background302	0.150412	0.122192	0.101343	0.204367	0.05593285	0.0765002
background303	0.126041	0.106554	0.101085	0.0677854	0.0586832	0.0640315
background304	0.117359	0.113853	0.102457	0.072489	0.0636786	0.0718548
background305	0.192975	0.1102305	0.103128	0.084728	0.0644901	0.0698809
background306	0.130825	0.122762	0.103334	0.0243939	0.0614716	0.0735459
background307	0.115437	0.108491	0.105875	0.0804895	0.07800615	0.0740332
background308	0.1266225	0.137394	0.0999189	0.0229995	0.07146	0.0718548
background309	0.169856	0.128012	0.105932	0.0306122	0.0773667	0.0673727
background310	0.1203515	0.117108	0.106442	0.161899	0.06256105	0.0612245
background311	0.139886	0.1138715	0.104971	0.0560223	0.0925338	0.0727072
background312	0.1899845	0.107932	0.104212	0.0100425	0.1008461	0.0721497
background313	0.163709	0.111443	0.104675	-0.00284606	0.07847975	0.0699724
background314	0.1201915	0.119039	0.103241	0.00237347	0.064801	0.0716638
background315	0.093401	0.13004	0.103206	0.0580046	0.06318195	0.065113
background316	0.1398255	0.114447	0.100937	0.102138	0.0598822	0.0712171
background317	0.1345065	0.09908225	0.105554	0.0702878	0.0594173	0.0718548
background318	0.159444	0.129863	0.104675	0.281853	0.0550532	0.0664305
background319	0.14978	0.14147	0.10149	0.144009	0.0704907	0.0641843
background320	0.06108325	0.104211	0.103921	0.0638718	0.07217495	0.0681744
background321	0.1073925	0.1120635	0.10047	0.134844	0.08261645	0.0735459
background322	0.1673935	0.133656	0.101988	0.0760224	0.06166595	0.0728151
background323	0.196545	0.1237175	0.104519	0.0372	0.0893129	0.073592
background324	0.1878	0.113928	0.104588	0.0461598	0.102409	0.068929
background325	0.1837645	0.11301	0.0999685	0.027261	0.08092825	0.0643459
background326	0.1306125	0.1163185	0.103455	0.00779769	0.0729955	0.0742744
background327	0.16542	0.1146225	0.0972724	0.0616075	0.06469385	0.0600329
background328	0.09778125	0.104101	0.104907	0.0718608	0.0672696	0.061852
background329	0.07728795	0.121188	0.107808	0.0750365	0.09040775	0.0706847
background330	0.1599175	0.10112085	0.0956805	0.0620167	0.05209285	0.0669029
background331	0.115379	0.12248	0.10259	0.0669125	0.05498	0.0725995
background332	0.116361	0.1159895	0.102592	-0.000306248	0.0676956	0.0716066
background333	0.135282	0.1112735	0.104553	0.00692089	0.07514385	0.0717425
background334	0.0952951	0.1287225	0.105398	0.0799789	0.0621175	0.0706085
background335	0.15339	0.1144075	0.10756	0.00010203	0.0834228	0.0710652
background336	0.162131	0.10363	0.104643	0.00452682	0.09162855	0.0722831
background337	0.1274555	0.112925	0.101758	0.022883	0.0706764	0.0663408
background338	0.187623	0.114023	0.104111	0.0626357	0.08095945	0.070655
background339	0.1564865	0.1127835	0.111306	0.123387	0.05614585	0.0579365
background340	0.07981235	0.11504	0.102857	0.0324285	0.06964925	0.0636915
background341	0.1419645	0.1220525	0.106847	0.00404467	0.1100795	0.0719517
background342	0.154033	0.105415	0.104119	0.0839942	0.07600505	0.0713998
background343	0.1356955	0.100293	0.103103	0.0846993	0.08035215	0.0679546
background344	0.101561	0.117567	0.105101	0.251716	0.0612239	0.0670696
background345	0.1199197	0.1399385	0.102053	0.00654785	0.073887	0.0643531
background346	0.1227245	0.1317675	0.106426	0.0954655	0.0722862	0.0669029
background347	0.09804035	0.115025	0.110532	0.0598512	0.0735907	0.0626357
background348	0.1733005	0.119686	0.105157	0.361634	0.06525115	0.0673641
background349	0.167576	0.126067	0.10634	0.0867549	0.07296545	0.074432
background350	0.08171995	0.129352	0.0977099	0.158778	0.07682265	0.0663753
background351	0.1284575	0.127526	0.109468	0.0345974	0.06580865	0.0723219
background352	0.1771235	0.1166955	0.104366	0.0282346	0.04565425	0.0677894
background353	0.1423735	0.1172985	0.0968625	0.158874	0.072022	0.0702878
background354	0.120425	0.120779	0.0945274	0.218614	0.06697765	0.066719
background355	0.148575	0.0923461	0.111113	0.295544	0.06955475	0.0644612
background356	0.1178315	0.1159365	0.104211	0.26903	0.0685544	0.0612982
background357	0.1360285	0.1169585	0.109369	0.00995151	0.04676735	0.0725451
background358	0.1512135	0.117038	0.10047	0.277022	0.07578155	0.0726254
background359	0.152326	0.1314595	0.101901	0.0230247	0.07811505	0.0721175
background360	0.1284605	0.114516	0.0996118	0.126609	0.0710927	0.0764904
background361	0.0609083	0.12119	0.100405	0.0468383	0.05587585	0.0738465
background362	0.1180665	0.111193	0.10047	0.175643	0.06589805	0.0730328
background363	0.1087335	0.1166255	0.10259	0.012998	0.0652591	0.0693089
background364	0.1144305	0.1142785	0.10259	0.203927	0.08519955	0.069498
background365	0.145306	0.1010745	0.102061	0.0179903	0.0725858	0.0627942
background366	0.132571	0.1222675	0.106393	-0.000408747	0.0793994	0.0708531
background367	0.1315205	0.109627	0.0941489	0.0471755	0.0623409	0.0714276
background368	0.180012	0.1238315	0.103939	-0.000905801	0.07733275	0.0669029
background369	0.1111415	0.11513	0.111812	0.107487	0.06467735	0.0687536
background370	0.190359	0.1171695	0.0995479	0.0314312	0.0845972	0.0670696
background371	0.0988689	0.10906	0.10259	0.0421249	0.071778	0.0687536
background372	0.1250855	0.1391245	0.102987	0.0278465	0.06092375	0.071585
background373	0.143628	0.127597	0.108309	-0.00873249	0.0457453	0.0669029
background374	0.1278015	0.1117715	0.104342	-0.00705029	0.06923535	0.0693089
background375	0.08682765	0.104592	0.104374	-0.00675629	0.08011635	0.0735459
background376	0.148171	0.119898	0.107321	0.232724	0.082771	0.0699989
background377	0.1632825	0.1088105	0.105875	0.0421249	0.0501522	0.070154
background378	0.07063435	0.10654	0.0977099	0.144979	0.04873945	0.077425
background379	0.123703	0.1039485	0.098722	0.116147	0.06742165	0.0741363
background380	0.1405595	0.1262215	0.105751	0.00995151	0.07793895	0.0680595
background381	0.157046	0.1063535	0.106971	0.0735677	0.080304	0.0714055
background382	0.1541225	0.135987	0.10259	0.00415348	0.0534764	0.0670696
background383	0.1770515	0.1111485	0.0999275	0.0364104	0.0910786	0.0736701
background384	0.1203955	0.116732	0.103691	-7.03634e-05	0.0635906	0.0702878
background385	0.157961	0.1164835	0.101475	0.226987	0.0520757	0.0691853
background386	0.1477035	0.1266225	0.109952	0.0402331	0.08634965	0.0658905
background387	0.1822345	0.1155395	0.103038	0.052205	0.0490745	0.0723443
background388	0.161527	0.1200565	0.0966147	0.0217982	0.0768191	0.0653633
background389	0.161014	0.09606405	0.0986018	0.163716	0.0712958	0.0702878
background390	0.190341	0.102513	0.101236	0.284321	0.07642995	0.0724777
background391	0.1382835	0.136845	0.107485	0.3781	0.05461035	0.0666297
background392	0.1193585	0.11093	0.0989644	0.0695295	0.06559	0.0649624
background393	0.1261935	0.1054765	0.113256	0.00995151	0.0983856	0.0703412
background394	0.1265275	0.115295	0.108472	0.322079	0.07344405	0.0670696
background395	0.20859	0.1305055	0.0997444	0.120973	0.0753549	0.0735459
background396	0.110936	0.1319175	0.099259	0.0737028	0.0701872	0.0693696
background397	0.107319	0.1105865	0.104119	0.00660678	0.0541712	0.0714286
background398	0.177123	0.11367	0.100953	0.0718548	0.05491065	0.0683378
background399	0.1260625	0.1276445	0.107904	0.282843	0.0857568	0.0670278
background400	0.1571145	0.105391	0.100676	0.117268	0.06705455	0.0721892
background401	0.1584805	0.1061075	0.0989725	0.353231	0.07922935	0.0732403
background402	0.1146455	0.10834	0.105875	0.0430888	0.0694744	0.0721485
background403	0.1143575	0.1195265	0.1146	0.285084	0.06475155	0.069708
background404	0.1125205	0.112651	0.103513	0.35315	0.0784493	0.0714286
background405	0.1519285	0.1031485	0.104211	0.0602292	0.05094245	0.0750077
background406	0.1350435	0.1200225	0.10534	0.0557974	0.09589795	0.0685662
background407	0.11212915	0.110704	0.0999204	-0.00519564	0.0837273	0.0702878
background408	0.1181705	0.1193395	0.106163	0.0859852	0.0571687	0.0734017
background409	0.1083925	0.1197225	0.102531	-0.00459313	0.07311805	0.0714286
background410	0.1722665	0.0984422	0.10259	0.0175812	0.05566555	0.0675445
background411	0.151331	0.1428265	0.109952	0.032123	0.0883882	0.0689459
background412	0.1535845	0.102899	0.10047	0.348598	0.0712385	0.0624517
background413	0.1340275	0.1297865	0.10259	0.146629	0.054725	0.0728731
background414	0.1209175	0.121656	0.111306	0.0103556	0.05456765	0.0680595
background415	0.1511565	0.1371725	0.104984	0.0464638	0.07471815	0.073527
background416	0.22414	0.111947	0.109226	0.109925	0.07034245	0.0789035
background417	0.1121525	0.1145545	0.10262	0.322079	0.0753777	0.0733977
background418	0.134808	0.141215	0.0984358	-0.000306248	0.0579582	0.0632513
background419	0.1599	0.1190675	0.107582	0.174036	0.059598	0.0703643
background420	0.108246	0.1023155	0.100553	0.0172917	0.0596706	0.0670696
background421	0.1085975	0.122167	0.103136	-0.0065745	0.05017725	0.0669435
background422	0.169192	0.130763	0.108968	0.0419722	0.06562595	0.0665395
background423	0.07907105	0.113582	0.109577	0.00898207	0.0485851	0.0730532
background424	0.1469715	0.118927	0.105151	0.21451	0.05322115	0.0659764
background425	0.112833	0.1228685	0.100248	0.171894	0.06547975	0.0645469
background426	0.178544	0.1520305	0.10259	0.283317	0.0712257	0.0655116
background427	0.107792	0.1039555	0.104956	0.126838	0.0730405	0.0623324
background428	0.151317	0.1059325	0.100303	0.000108507	0.08672295	0.0742424
background429	0.126508	0.1242885	0.104119	0.0510204	0.07864155	0.0759948
background430	0.1571595	0.118123	0.103495	0.300791	0.082101	0.0623324
background431	0.09498835	0.1061075	0.10047	0.198606	0.0798517	0.0666297
background432	0.194671	0.136025	0.099045	0.00873066	0.0735515	0.0785305
background433	0.08569165	0.128019	0.102896	0.0400451	0.0461776	0.0710723
background434	0.118094	0.1068005	0.107628	0.0894278	0.0675995	0.0749395
background435	0.1319075	0.124428	0.101925	0.363278	0.05369685	0.0705439
background436	0.109232	0.111414	0.102748	-0.00010102	0.0813848	0.0741867
background437	0.198588	0.10847	0.103137	0.0618176	0.0736701	0.0673789
background438	0.114204	0.1420705	0.099259	0.320789	0.0662304	0.0639409
background439	0.172487	0.120273	0.10403	0.0419887	0.0826253	0.0720663
background440	0.128409	0.10755	0.0999275	0.0166558	0.0610574	0.0693607
background441	0.111606	0.125083	0.104107	0.191895	0.05652445	0.0674209
background442	0.129853	0.1156495	0.107888	0.0287969	0.07984675	0.0686928
background443	0.131533	0.1130665	0.101866	0.0256566	0.0485526	0.070323
background444	0.115756	0.122787	0.101805	0.0218227	0.0616494	0.0686982
background445	0.1903875	0.1506725	0.109996	0.0244511	0.0822421	0.0661813
background446	0.122622	0.101374	0.0991166	-0.00903547	0.05978605	0.0689426
background447	0.156946	0.1227655	0.102247	0.118869	0.0675129	0.0721172
background448	0.165517	0.1189775	0.0977099	0.0730328	0.0685397	0.0732827
background449	0.15448	0.1046805	0.10259	0.216829	0.05715395	0.0736701
background450	0.133766	0.1357785	0.104675	0.0867829	0.05647135	0.0725995
background451	0.1835215	0.1129445	0.107295	0.0731128	0.0589481	0.0702878
background452	0.09026405	0.1109635	0.108357	0.182522	0.07387685	0.0688924
background453	0.0690091	0.127953	0.103139	-0.00977544	0.09015665	0.065694
background454	0.123342	0.1124975	0.105857	0.0111209	0.0706052	0.0659991
background455	0.161479	0.1145845	0.104675	0.073537	0.06111735	0.0702878
background456	0.11457155	0.1061925	0.106197	0.124579	0.06525665	0.0700505
background457	0.1509515	0.146005	0.109805	0.134475	0.0724438	0.0691563
background458	0.0988107	0.116815	0.101725	0.00909568	0.0577617	0.0669419
background459	0.208096	0.1041925	0.108198	0.0391413	0.059316	0.0677901
background460	0.1049425	0.112922	0.107096	0.281196	0.0765835	0.0644252
background461	0.0796557	0.108461	0.107984	0.0522363	0.0703992	0.0774133
background462	0.118444	0.1097835	0.105539	0.155269	0.091377	0.0682247
background463	0.0913508	0.133486	0.10259	0.0340727	0.1012215	0.0725995
background464	0.0954592	0.12158	0.103034	0.035315	0.08304625	0.0643459
background465	0.1257455	0.1134175	0.104396	0.014921	0.06755505	0.0716613
background466	0.140964	0.1249725	0.103782	0.135047	0.0762428	0.0696256
background467	0.093593	0.1243435	0.104275	0.036826	0.0659905	0.0630574
background468	0.1215765	0.1341415	0.104123	0.00010203	0.08011635	0.0698672
background469	0.141797	0.117788	0.100849	-0.000203092	0.06564385	0.0651561
background470	0.155795	0.106787	0.107485	0.0874907	0.0856962	0.069593
background471	0.1077475	0.1252715	0.10047	0.1181	0.06813255	0.0670696
background472	0.1282025	0.1243825	0.102768	0.0217541	0.09064365	0.0659451
background473	0.1812	0.09923305	0.102728	0.0343848	0.0753955	0.0677461
background474	0.13257	0.114027	0.0958805	0.0331766	0.07036295	0.0681245
background475	0.127551	0.1155425	0.0982938	0.0310231	0.08545925	0.0650002
background476	0.0830896	0.150725	0.105594	0.109878	0.07542	0.0657534
background477	0.08665025	0.143554	0.103653	0.152089	0.0650025	0.0702878
background478	0.136468	0.1081085	0.102748	0.00995151	0.0667167	0.064658
background479	0.1309795	0.121849	0.101798	0.327974	0.0561614	0.0658199
background480	0.1661515	0.102643	0.0957971	0.235906	0.074741	0.0688542
background481	0.181214	0.1099505	0.105792	0.000471301	0.04779285	0.0664825
background482	0.0953675	0.134533	0.10047	0.0309889	0.04460875	0.0708494
background483	0.175982	0.118047	0.103051	0.000553614	0.07368675	0.068655
background484	0.114823	0.131319	0.104156	0.316424	0.0527132	0.0727958
background485	0.139774	0.128512	0.10435	0.0438764	0.0657704	0.0691364
background486	0.1191605	0.1201515	0.10634	0.0789608	0.04818575	0.0669029
background487	0.1822425	0.138233	0.100937	0.307409	0.08516105	0.0702878
background488	0.1467095	0.119349	0.105875	0.0378316	0.0558955	0.0721892
background489	0.1143185	0.11803	0.100953	0.0444873	0.08922795	0.0784515
background490	0.141357	0.133882	0.105834	0.33735	0.07715605	0.0631042
background491	0.1731015	0.1240585	0.106071	0.262773	0.09243435	0.0690828
background492	0.1318165	0.1205955	0.10047	0.161402	0.0826647	0.0721892
background493	0.151122	0.1111105	0.10738	-0.00680065	0.0755696	0.0718548
background494	0.139299	0.117379	0.101994	0.189588	0.06060985	0.0667987
background495	0.1346715	0.112928	0.107005	0.130872	0.0789089	0.0725451
background496	0.1175845	0.105604	0.10259	0.235924	0.07271975	0.0689734
background497	0.170316	0.12079	0.103836	0.183468	0.07297955	0.0687009
background498	0.167761	0.121356	0.107059	0.0904809	0.06883335	0.0772765
background499	0.1210135	0.1117835	0.112312	0.0693089	0.05780415	0.0681744
background500	0.154961	0.1184355	0.106498	0.00360182	0.0669133	0.0688777
background501	0.1791255	0.1107905	0.106406	0.148278	0.09396815	0.0798853
background502	0.1400395	0.113135	0.110532	0.0468759	0.1007005	0.0718548
background503	0.1178	0.118066	0.100019	0.0587825	0.0569476	0.0658905
background504	0.14309	0.1293755	0.109627	0.000391898	0.0639262	0.065297
background505	0.110739	0.1222315	0.0999366	-0.0067559	0.0470341	0.0681829
background506	0.207505	0.1027595	0.106082	0.232697	0.0719115	0.0702878
background507	0.154487	0.1129955	0.1074	0.0225186	0.0930933	0.0666192
background508	0.1189685	0.1397975	0.101061	0.263154	0.0624408	0.062704
background509	0.1430025	0.117459	0.0962139	0.313641	0.0856387	0.0735459
background510	0.1035503	0.109825	0.102777	0.1771	0.0584971	0.0721892
background511	0.1228065	0.1298385	0.10259	0.0163561	0.0716265	0.0689227
background512	0.148005	0.1168695	0.110723	0.00931495	0.071697	0.0708494
background513	0.1342485	0.121563	0.104906	0.191825	0.07869355	0.0702878
background514	0.198257	0.120233	0.103653	0.264546	0.0653167	0.0643734
background515	0.1556215	0.1122425	0.0997444	0.0621108	0.07429425	0.0742424
background516	0.150866	0.110644	0.105722	0.199176	0.0440563	0.0676127
background517	0.162166	0.120298	0.100389	0.127323	0.064199	0.0656496
background518	0.0686117	0.1192605	0.10259	0.0564525	0.07877355	0.0707151
background519	0.240354	0.116044	0.10047	0.136622	0.0473495	0.070154
background520	0.140718	0.103948	0.106426	0.0702217	0.08044875	0.0669029
background521	0.147252	0.1158655	0.0967587	0.00370513	0.08178565	0.0698672
background522	0.1541235	0.119241	0.0996052	0.11128	0.08235925	0.0704411
background523	0.142711	0.1209215	0.0945643	0.0510204	0.05538585	0.069235
background524	0.1720005	0.137302	0.107932	0.301286	0.0581899	0.0688538
background525	0.122679	0.1140515	0.108388	0.218413	0.06416185	0.0652207
background526	0.09333825	0.108085	0.105506	0.0297284	0.0630974	0.0774282
background527	0.166297	0.129713	0.10259	0.0195976	0.0736376	0.0706085
background528	0.162153	0.097595	0.099177	0.07713	0.07632545	0.0712403
background529	0.116521	0.1117245	0.10519	0.125599	0.0522227	0.0616075
background530	0.1360915	0.1108225	0.101715	-0.00965445	0.0854117	0.0642318
background531	0.1647685	0.113322	0.109627	0.244302	0.07184515	0.0706253
background532	0.119255	0.118195	0.106182	-0.000898442	0.0780978	0.0673727
background533	0.237639	0.1265895	0.112872	0.0804443	0.0810917	0.0633641
background534	0.157788	0.128699	0.100239	0.140496	0.066884	0.0676559
background535	0.1441195	0.1352085	0.099177	-0.000652511	0.0910723	0.0702622
background536	0.0995864	0.1244655	0.105815	0.0232119	0.0547302	0.0702878
background537	0.109745	0.10865	0.104675	0.101026	0.06851555	0.0702878
background538	0.09755875	0.110648	0.102748	0.0216861	0.06544325	0.0667595
background539	0.0993846	0.11818	0.106809	0.224965	0.08509855	0.0735459
background540	0.1222815	0.1061625	0.0987976	0.0869313	0.07360975	0.0716712
background541	0.145397	0.0993095	0.103836	0.273153	0.0584496	0.0751764
background542	0.145309	0.11921	0.0992602	0.0699691	0.09024905	0.0685662
background543	0.187633	0.1344185	0.103065	0.00559897	0.06334505	0.0670696
background544	0.1185245	0.103492	0.105722	0.0540629	0.07733915	0.0725995
background545	0.1200735	0.111381	0.107891	0.104671	0.06091835	0.0723479
background546	0.1728545	0.1177615	0.103241	0.00957854	0.05017875	0.0697126
background547	0.191916	0.1187425	0.105897	0.135532	0.06181055	0.067756
background548	0.1186225	0.1048295	0.104764	0.00861025	0.0847934	0.0721892
background549	0.130131	0.1281455	0.103048	0.286999	0.08952735	0.0721892
background550	0.1218875	0.106983	0.10047	0.222478	0.07145425	0.0580334
background551	0.148751	0.1287895	0.102041	0.25974	0.0610105	0.06939
background552	0.202185	0.09382545	0.102382	0.312445	0.0812242	0.0633641
background553	0.127285	0.112457	0.108588	0.281196	0.07327685	0.0735459
background554	0.0838499	0.1185775	0.0999275	0.243523	0.06614055	0.0710652
background555	0.128196	0.1077985	0.109139	0.0547376	0.0690475	0.0654253
background556	0.133382	0.105838	0.105151	0.0602292	0.07475805	0.0715678
background557	0.1055585	0.133316	0.104211	0.109146	0.05536265	0.0631827
background558	0.118956	0.1136495	0.104211	-0.00294823	0.06995885	0.0634354
background559	0.148682	0.112304	0.101953	0.139949	0.0888778	0.0718548
background560	0.135954	0.106536	0.105307	0.0768842	0.07851855	0.0640016
background561	0.1264685	0.107799	0.107891	0.0513592	0.08632535	0.0689335
background562	0.100497	0.118518	0.102041	0.0686897	0.0682227	0.0718548
background563	0.07443225	0.1252685	0.109948	0.00909568	0.0581795	0.0672049
background564	0.1640555	0.120195	0.103535	0.194008	0.06417275	0.0641233
background565	0.1481885	0.1178165	0.102676	0.00731097	0.06601315	0.0706972
background566	0.1365925	0.120594	0.10121	0.0494862	0.07803105	0.0658331
background567	0.1202855	0.104416	0.108044	0.0401576	0.0600574	0.0703532
background568	0.09672975	0.102133	0.105281	0.287743	0.06236785	0.0702646
background569	0.1064625	0.134204	0.097771	0.0879905	0.05697295	0.0712431
background570	0.1800885	0.1154305	0.106173	0.0189503	0.0543125	0.0725995
background571	0.111863	0.1323205	0.103051	0.176637	0.0734566	0.0693572
background572	0.05911145	0.1432145	0.103051	0.0153331	0.0722307	0.0702878
background573	0.1634055	0.1158175	0.105151	0.202306	0.06783175	0.070507
background574	0.134343	0.108615	0.111367	0.154518	0.05521175	0.0749554
background575	0.1409125	0.09569925	0.112833	0.162864	0.07448065	0.0670696
background576	0.1053665	0.1026645	0.102435	0.0164813	0.0610533	0.0670395
background577	0.167009	0.12609	0.101111	0.0406984	0.07999075	0.0702878
background578	0.08425485	0.127964	0.105834	0.0218446	0.0604363	0.0703643
background579	0.128286	0.1275115	0.101724	0.354312	0.0820336	0.0752287
background580	0.11969	0.108101	0.10338	0.0658905	0.07747335	0.0683431
background581	0.0753149	0.110439	0.104675	0.0698006	0.06044775	0.072543
background582	0.09728435	0.1207775	0.10411	0.233833	0.07302075	0.0637325
background583	0.1353195	0.1157065	0.10259	0.0193244	0.07148655	0.0677648
background584	0.155088	0.1185325	0.104553	0.0101326	0.074733	0.0748833
background585	0.127679	0.1222205	0.104031	0.0308595	0.04786235	0.0702878
background586	0.109759	0.08709965	0.105357	0.0463623	0.05606075	0.0734318
background587	0.1926045	0.114178	0.105875	-0.00606126	0.0764086	0.0739792
background588	0.112253	0.1302115	0.105129	-0.00675629	0.05850055	0.0753067
background589	0.130876	0.1023155	0.103314	0.388091	0.07662975	0.0746359
background590	0.09602125	0.1054805	0.106359	0.0860252	0.070494	0.075351
background591	0.2028915	0.116294	0.109952	0.0433983	0.067156	0.064346
background592	0.1015735	0.117854	0.099259	0.121966	0.08983775	0.0673991
background593	0.155279	0.1143305	0.103243	0.0272544	0.064034	0.0693089
background594	0.171306	0.1225515	0.104211	0.264989	0.05788955	0.0727176
background595	0.149146	0.122896	0.106115	0.0520933	0.0701301	0.0669029
background596	0.1843515	0.1212555	0.109734	-0.00973754	0.0754733	0.0670032
background597	0.1207991	0.1142125	0.104553	0.158692	0.0666441	0.0721892
background598	0.128899	0.126414	0.107664	0.0365487	0.06104905	0.0666667
background599	0.140174	0.09974335	0.107932	0.0222999	0.05199105	0.0718548
background600	0.1294295	0.1293755	0.104211	0.294135	0.07340345	0.0708531
background601	0.11566	0.130356	0.107932	0.210815	0.0895724	0.0650701
background602	0.09108915	0.127168	0.107932	0.0611241	0.06925475	0.0666297
background603	0.07193375	0.1240165	0.0981503	0.139846	0.1027475	0.0718548
background604	0.1498825	0.108936	0.102108	0.0204082	0.0436595	0.0673928
background605	0.1163785	0.1090265	0.101694	0.0356514	0.0549822	0.0696324
background606	0.07622365	0.1114065	0.109495	0.187747	0.06707795	0.0702938
background607	0.16307	0.121536	0.108874	0.0678732	0.06990865	0.0689244
background608	0.138684	0.1302605	0.10547	0.0418348	0.07595945	0.0677531
background609	0.124696	0.103235	0.099259	0.177969	0.07270035	0.0742424
background610	0.20176	0.11123	0.113077	0.0510773	0.08112995	0.063244
background611	0.1140415	0.09968445	0.10634	0.262778	0.0590157	0.0750494
background612	0.1398955	0.1239575	0.104675	0.0109326	0.0921143	0.0702878
background613	0.1661585	0.120476	0.107593	0.00010203	0.0584048	0.0712409
background614	0.120118	0.129726	0.107365	-0.00447302	0.0658265	0.0718548
background615	0.177369	0.1035415	0.105151	0.0516361	0.05658815	0.0730561
background616	0.118884	0.103252	0.103224	0.0191752	0.06382085	0.0718548
background617	0.1364375	0.113574	0.103103	-0.00543189	0.07971545	0.0730328
background618	0.0912639	0.1245435	0.107237	0.323487	0.06135065	0.0591317
background619	0.1311055	0.1171135	0.107035	0.382561	0.06879935	0.0721892
background620	0.094824	0.126673	0.101004	0.317457	0.0710609	0.0669029
background621	0.1099705	0.0980363	0.105307	0.0626357	0.0695168	0.0803753
background622	0.102329	0.108686	0.110343	0.00452309	0.08529525	0.064134
background623	0.1104845	0.09702675	0.10099	0.161308	0.0504304	0.0703798
background624	0.132053	0.10646	0.100293	0.225895	0.0636121	0.0676506
background625	0.135649	0.1070385	0.107699	0.0413088	0.06958475	0.070169
background626	0.176413	0.12428	0.104959	0.120973	0.07285235	0.068655
background627	0.12588555	0.1041975	0.0971817	0.0643459	0.0605927	0.0703412
background628	0.1252085	0.1172725	0.10259	0.0469515	0.06291355	0.069321
background629	0.1619895	0.11334	0.1057	0.0300596	0.08441665	0.0663268
background630	0.133021	0.1175235	0.10047	-0.00867645	0.0674977	0.0710652
background631	0.08509535	0.102546	0.10725	0.0158091	0.0864778	0.0684623
background632	0.1207965	0.1305135	0.102948	0.329812	0.0765678	0.0714286
background633	0.141453	0.107575	0.110755	0.0379941	0.0796397	0.0669688
background634	0.0845178	0.1150765	0.107365	0.0510204	0.0844563	0.0721892
background635	0.1676385	0.100777	0.107322	0.0249876	0.0648307	0.0719218
background636	0.125423	0.0949249	0.103206	0.0272544	0.09732455	0.0718548
background637	0.08226765	0.114498	0.101323	0.0401151	0.06490795	0.074854
background638	0.122085	0.1407505	0.105875	0.0215602	0.0652705	0.0702878
background639	0.1390835	0.1191265	0.112245	0.0740332	0.04651825	0.0616075
background640	0.147344	0.1107285	0.0949223	0.105009	0.0518579	0.0698672
background641	0.1488225	0.1228755	0.11089	0.0626357	0.0812242	0.0778734
background642	0.1302325	0.12774	0.100966	0.0280331	0.06744485	0.0749395
background643	0.176725	0.1179895	0.10259	0.100198	0.05224825	0.0667006
background644	0.10384725	0.114154	0.110532	0.00674836	0.06721545	0.0686669
background645	0.09504615	0.115209	0.103038	0.0235915	0.0607915	0.0663512
background646	0.1007892	0.1277665	0.0999275	0.0318004	0.06598365	0.0669029
background647	0.147748	0.09560185	0.112833	0.135266	0.06797055	0.0704467
background648	0.102369	0.1107975	0.101805	0.00764948	0.0692706	0.0709528
background649	0.1494585	0.117124	0.106205	-0.00894537	0.0703462	0.0741354
background650	0.128099	0.1037935	0.0997444	6.04307e-17	0.07421435	0.0637905
background651	0.1393285	0.131531	0.10634	0.0816327	0.08391745	0.0720663
background652	0.1962615	0.114777	0.0995479	0.162917	0.06883735	0.0713562
background653	0.086943	0.1090615	0.100372	0.0471841	0.06141625	0.0653727
background654	0.1556885	0.100106	0.0999275	0.0308595	0.0785809	0.0698672
background655	0.1522865	0.1176755	0.103103	0.0541863	0.08887915	0.0702878
background656	0.0799718	0.1216885	0.106141	0.0164971	0.06937245	0.0651025
background657	0.120053	0.1094855	0.10905	0.00696813	0.08660265	0.0702878
background658	0.133079	0.1202965	0.0979384	0.0180398	0.07444845	0.0669029
background659	0.142266	0.110906	0.105626	0.0803474	0.0707238	0.070706
background660	0.1149775	0.116064	0.10311	0.0153938	0.112801	0.0673789
background661	0.0988718	0.113043	0.103653	0.0958234	0.0686336	0.0604682
background662	0.1387135	0.1088385	0.111505	0.0576605	0.06232615	0.0770397
background663	0.144657	0.1371945	0.0981503	0.0218514	0.04922405	0.0693696
background664	0.146224	0.115755	0.10805	0.0568738	0.06039735	0.0741931
background665	0.116845	0.0990423	0.103257	0.0264589	0.0631506	0.060396
background666	0.163454	0.132031	0.10259	0.0103556	0.0676112	0.0635776
background667	0.1412655	0.1321165	0.10681	0.109925	0.0621618	0.0708494
background668	0.1483835	0.118116	0.0982285	0.0265096	0.0426401	0.0736701
background669	0.1218305	0.125482	0.10259	0.0899524	0.0845751	0.0777339
background670	0.1359055	0.1114295	0.103047	-0.00010102	0.092355	0.0644902
background671	0.11257965	0.09298535	0.107417	0.193687	0.05321665	0.0706077
background672	0.1500365	0.124114	0.10336	0.0103556	0.05858045	0.0755324
background673	0.172693	0.117638	0.108748	0.00872503	0.0825756	0.0732403
background674	0.1155265	0.107635	0.106141	0.0702878	0.0795755	0.0702938
background675	0.1751045	0.1070355	0.0993662	0.00945102	0.0702442	0.0615683
background676	0.1143185	0.117405	0.0993908	0.000502892	0.0567828	0.0693549
background677	0.158242	0.1275255	0.0989976	0.0640593	0.05654805	0.0592022
background678	0.1299645	0.1083005	0.107932	0.0412371	0.079222	0.058809
background679	0.0933075	0.1309225	0.102475	0.0411721	0.05992705	0.0629261
background680	0.151922	0.126426	0.105307	-0.0069556	0.0683807	0.0676506
background681	0.1188855	0.11679	0.104054	0.00010203	0.0718848	0.0718548
background682	0.1271065	0.118526	0.104156	0.132331	0.06139075	0.0677648
background683	0.1059335	0.11666	0.0997444	0.0352929	0.0907163	0.0681829
background684	0.0644004	0.1010235	0.10604	0.252689	0.06369965	0.0604148
background685	0.142685	0.104307	0.105151	0.154909	0.0727576	0.0669029
background686	0.181411	0.1078815	0.103533	0.0999303	0.06574355	0.0765002
background687	0.110379	0.11773	0.110532	0.357729	0.04791215	0.0644234
background688	0.153369	0.1407315	0.105722	0.303006	0.05508875	0.0760331
background689	0.1571165	0.104025	0.105472	0.0495612	0.0646514	0.0709378
background690	0.168614	0.132368	0.10259	0.100918	0.07683225	0.0702878
background691	0.126882	0.119894	0.100849	0.00690956	0.094247	0.0799309
background692	0.1492	0.103726	0.105138	0.109894	0.0609048	0.0651354
background693	0.1335465	0.1292705	0.110532	-0.00177093	0.05606165	0.0714286
background694	0.1671575	0.1264815	0.109224	0.322855	0.078491	0.0639409
background695	0.1030435	0.1144935	0.102041	-0.00010102	0.05925845	0.0718548
background696	0.121982	0.12757	0.101176	0.17695	0.08049795	0.0688542
background697	0.1817395	0.1680775	0.102236	0.0693089	0.0769468	0.0741661
background698	0.1509805	0.1162085	0.099259	-0.00531321	0.0755821	0.0690729
background699	0.127141	0.110688	0.108357	0.0810333	0.0670198	0.0699482
background700	0.1023708	0.1173995	0.0997553	0.208011	0.07116055	0.0662626
background701	0.1336245	0.1095595	0.10223	0.0551512	0.0879044	0.0672049
background702	0.1110985	0.146177	0.103884	0.0264589	0.0576891	0.0644666
background703	0.1241075	0.1082075	0.107932	0.020005	0.0475964	0.0710011
background704	0.274127	0.09475665	0.105877	0.0479248	0.0917122	0.0670696
background705	0.1081885	0.1019272	0.106224	0.0899502	0.07805265	0.0728924
background706	0.1419425	0.1212035	0.103585	0.0377866	0.0950883	0.0693723
background707	0.146655	0.122979	0.103136	0.0431036	0.05511395	0.0715054
background708	0.106924	0.1367485	0.109628	0.0629786	0.04743945	0.0625932
background709	0.1343235	0.1119535	0.106224	0.00341502	0.09814275	0.065759
background710	0.1941515	0.106044	0.105108	0.124732	0.0789118	0.0676352
background711	0.1407125	0.1221105	0.100849	0.0626357	0.0774268	0.0702878
background712	0.1475565	0.125864	0.105875	0.114986	0.0811758	0.0673727
background713	0.1403155	0.1109375	0.105021	0.2456	0.0586226	0.0806153
background714	0.1231835	0.1007115	0.100849	0.0870223	0.05679	0.0722385
background715	0.170406	0.127285	0.108376	0.254408	0.058703	0.0669029
background716	0.0779186	0.1214	0.108702	0.242076	0.07750995	0.0665415
background717	0.1058605	0.1100545	0.10561	0.0106174	0.0720327	0.0639409
background718	0.0985931	0.120173	0.10619	0.0365406	0.0783521	0.0676559
background719	0.138206	0.1154495	0.102949	5.10165e-05	0.09080555	0.0732071
background720	0.1371165	0.1199885	0.105151	-5.05089e-05	0.07293275	0.0628086
background721	0.128269	0.121403	0.111812	0.0191724	0.0911223	0.0633641
background722	0.162039	0.122686	0.102576	0.0341975	0.0751786	0.0721649
background723	0.167215	0.08302705	0.103016	0.0526316	0.0759574	0.0754857
background724	0.1802075	0.1326475	0.106498	0.018007	0.0860791	0.0735459
background725	0.122507	0.1121175	0.106178	0.0163265	0.0806989	0.0616367
background726	0.1062261	0.113928	0.103566	0.0594719	0.0614027	0.0710652
background727	0.1895165	0.119308	0.103093	0.0127005	0.0638078	0.0698672
background728	0.06661585	0.121047	0.102041	0.0843338	0.0716417	0.0690512
background729	0.1263435	0.1099335	0.106337	0.127033	0.0750056	0.0670696
background730	0.1482665	0.1337715	0.099259	0.0693549	0.064621	0.0735296
background731	0.1008142	0.101123	0.105425	0.0232248	0.0775705	0.0676903
background732	0.1361965	0.108009	0.101715	0.100596	0.05728325	0.0669262
background733	0.134186	0.1211715	0.105678	0.073251	0.09278685	0.0625951
background734	0.102413	0.123285	0.104553	-0.00600313	0.09018715	0.0698672
background735	0.0747997	0.10018305	0.105875	0.0043648	0.0722496	0.0681744
background736	0.1189095	0.1244835	0.107893	0.240562	0.050445	0.0747189
background737	0.1320875	0.138759	0.0990822	0.197367	0.0694708	0.061309
background738	0.0878167	0.112749	0.107932	0.051215	0.0915602	0.071585
background739	0.1022625	0.1221535	0.103808	0.0153532	0.06927235	0.0702878
background740	0.1651325	0.126916	0.102545	0.0337546	0.0723667	0.0672482
background741	0.0817069	0.1113885	0.105054	0.0880967	0.082411	0.070482
background742	0.13187	0.1145475	0.104156	0.0425797	0.0813407	0.0684216
background743	0.1149895	0.1121	0.105966	0.0654913	0.08844385	0.0749395
background744	0.152111	0.1069245	0.10864	0.0537016	0.0740432	0.0702878
background745	0.1290815	0.12427	0.107932	0.0357459	0.07095745	0.0669029
background746	0.1237475	0.11366	0.103051	0.00795216	0.0743997	0.0680875
background747	0.112279	0.133382	0.109476	0.00781392	0.08961235	0.0725995
background748	0.1272685	0.116991	0.10047	0.126561	0.06341095	0.0698593
background749	0.1671595	0.110266	0.099259	0.128974	0.0617372	0.0742424
background750	0.1298205	0.114903	0.102748	0.292312	0.055568	0.0677461
background751	0.1487605	0.121155	0.101722	0.189706	0.07642895	0.0663207
background752	0.127818	0.1130875	0.103824	0.0597513	0.07546375	0.0647761
background753	0.1336095	0.1438155	0.103513	0.377551	0.05371545	0.0730328
background754	0.1489955	0.1138895	0.100849	0.0218859	0.0444078	0.0710011
background755	0.1448755	0.1286675	0.110071	0.0194235	0.0581	0.0725624
background756	0.136553	0.123385	0.10469	0.0595973	0.0567837	0.0717805
background757	0.1929775	0.1229625	0.099259	0.297842	0.0682096	0.0669029
background758	0.130673	0.116847	0.0999275	0.368654	0.06302825	0.0677648
background759	0.128648	0.1128735	0.106439	0.00010203	0.072022	0.0730328
background760	0.105333	0.0978897	0.107049	-0.00158924	0.09764985	0.0730328
background761	0.1402825	0.1132955	0.0995067	0.0619029	0.0664227	0.0750818
background762	0.1454455	0.1086275	0.100303	-0.00249206	0.06134915	0.0670696
background763	0.189747	0.107478	0.103011	0.346378	0.08278885	0.0699397
background764	0.12312	0.128803	0.109214	0.00916158	0.0768578	0.0712724
background765	0.1503025	0.11008	0.101287	0.136286	0.06820055	0.0647761
background766	0.1572155	0.122018	0.099259	0.159337	0.08450455	0.0689335
background767	0.10286995	0.1261795	0.10259	0.310162	0.06646	0.0699724
background768	0.1017745	0.107929	0.108133	0.00692089	0.04687155	0.0651994
background769	0.100893	0.13025	0.103051	0.00680272	0.06723475	0.0683206
background770	0.09492065	0.1087935	0.10259	0.0402212	0.0899031	0.0693572
background771	0.1727325	0.126163	0.107932	0.153173	0.06518435	0.0663408
background772	0.1831535	0.119576	0.099259	0.0106174	0.0649295	0.0658331
background773	0.1356305	0.110089	0.10684	0.0183106	0.0705686	0.0797419
background774	0.10365705	0.1284115	0.102163	0.271977	0.0728098	0.0703408
background775	0.137341	0.1092845	0.107214	0.194926	0.081632	0.0705385
background776	0.1477165	0.1353115	0.105775	0.178529	0.0762826	0.0733071
background777	0.0855286	0.114174	0.103458	0.0158292	0.0906698	0.0698672
background778	0.172106	0.123885	0.10464	0.242142	0.06327625	0.0718548
background779	0.0618019	0.123075	0.105412	0.0602292	0.0770385	0.0732945
background780	0.1315915	0.1182895	0.103401	0.0874907	0.0710713	0.0721892
background781	0.0453074	0.1289245	0.107699	0.00194156	0.0618022	0.0763962
background782	0.131126	0.11943	0.10683	-0.00114263	0.0822525	0.0709177
background783	0.09043725	0.1219555	0.108214	0.0273	0.0760949	0.0681744
background784	0.1118345	0.1079135	0.101169	-0.00642302	0.0490923	0.0736701
background785	0.1845805	0.101158	0.10259	0.118238	0.07273955	0.0711606
background786	0.134586	0.1157185	0.0999487	0.0135287	0.0628932	0.0702878
background787	0.132678	0.132203	0.105061	0.151308	0.06435135	0.0730328
background788	0.111658	0.122266	0.0948075	0.127322	0.07430515	0.0669029
background789	0.12000015	0.1086775	0.109152	0.302519	0.06396315	0.0671131
background790	0.122549	0.115633	0.102442	-0.000306248	0.07352895	0.071729
background791	0.1705335	0.1127785	0.106874	-0.00722253	0.04921755	0.0698735
background792	0.1462975	0.1055295	0.105121	0.0891006	0.051978	0.0669125
background793	0.160609	0.116262	0.0977099	0.321629	0.06696135	0.0718548
background794	0.0912368	0.1105265	0.107292	0.0049779	0.05989735	0.0622463
background795	0.152109	0.1185215	0.105506	0.0141112	0.0757532	0.0681829
background796	0.1367625	0.116352	0.103976	0.0522363	0.06900765	0.0670696
background797	0.1344365	0.112045	0.10047	0.0106174	0.0916675	0.0701422
background798	0.1908055	0.1252005	0.102041	-0.00298709	0.1012555	0.0673727
background799	0.159881	0.1518545	0.100372	-0.00166673	0.07039665	0.07205
background800	0.132997	0.121844	0.103853	0.247739	0.0693346	0.0645455
background801	0.1219275	0.1134225	0.099878	0.133073	0.08483395	0.0721892
background802	0.0870019	0.120181	0.0970161	0.0216865	0.08786575	0.0640058
background803	0.117201	0.1172115	0.0963322	0.0481462	0.0655832	0.06711
background804	0.134533	0.1124395	0.0979835	0.384466	0.07384585	0.0718548
background805	0.1172215	0.1208585	0.102041	0.0254563	0.0852833	0.0670696
background806	0.1606505	0.106849	0.104267	0.18941	0.08634245	0.0693268
background807	0.1588075	0.1156515	0.107932	0.0205836	0.05719095	0.0742424
background808	0.152291	0.1111925	0.103814	0.261753	0.0904079	0.0756162
background809	0.1484365	0.1183515	0.0984831	0.123203	0.07943895	0.0670696
background810	0.1447915	0.133578	0.10683	0.0531373	0.07159365	0.0681318
background811	0.1524925	0.1327685	0.104348	0.0308595	0.0837643	0.067221
background812	0.17533	0.1207945	0.104679	0.16921	0.059718	0.0736701
background813	0.1746655	0.1262195	0.105589	0.0632374	0.0923461	0.0718548
background814	0.1188375	0.1250435	0.104212	-0.004875	0.0724583	0.0689194
background815	0.166517	0.124359	0.105151	0.0980656	0.0882793	0.0634354
background816	0.09106495	0.117193	0.105722	0.137998	0.0920628	0.0655116
background817	0.159722	0.107639	0.0973725	0.082101	0.08552055	0.0748827
background818	0.164285	0.09407555	0.104211	0.240614	0.06204555	0.0718548
background819	0.143947	0.1370215	0.100706	0.000207195	0.05388695	0.0676127
background820	0.111542	0.12194	0.105208	0.000207195	0.0648663	0.0651025
background821	0.12484	0.1220285	0.103103	0.0385148	0.0963905	0.0681744
background822	0.129257	0.1109595	0.099177	0.136067	0.08269415	0.0697848
background823	0.1239015	0.116247	0.104907	0.0149953	0.0749227	0.0602292
background824	0.155184	0.1038225	0.0978161	0.274835	0.0656839	0.0681744
background825	0.1500305	0.120517	0.103836	0.0522363	0.0659135	0.0726387
background826	0.142868	0.116268	0.112833	0.0574117	0.07860425	0.0706837
background827	0.1990475	0.1235345	0.105722	0.0751714	0.0664123	0.0740526
background828	0.1258865	0.1131805	0.111517	0.33243	0.06407615	0.0665096
background829	0.140261	0.117523	0.102675	0.018513	0.06996785	0.0736701
background830	0.1497265	0.110429	0.10259	0.0870648	0.074547	0.0585449
background831	0.1021986	0.112833	0.0977099	0.291856	0.0718754	0.0742406
background832	0.133847	0.125223	0.103051	0.200738	0.0851327	0.0636915
background833	0.1155005	0.1094855	0.110532	0.288291	0.0725836	0.0633641
background834	0.176196	0.1131075	0.107699	0.0616075	0.05785245	0.0728155
background835	0.119897	0.120287	0.10259	0.14247	0.0781984	0.0670623
background836	0.124718	0.1179835	0.107932	0.0896597	0.083688	0.0702126
background837	0.175423	0.127148	0.105834	0.0242801	0.08825155	0.0665838
background838	0.1599495	0.122509	0.104907	0.0156549	0.103836	0.0686175
background839	0.1128995	0.136927	0.101557	0.0411099	0.087707	0.0680875
background840	0.1204755	0.1133685	0.108044	0.160296	0.07428645	0.0710011
background841	0.1413705	0.109399	0.110532	0.306482	0.0800123	0.0632956
background842	0.1077545	0.126981	0.103919	0.107566	0.07843725	0.0636915
background843	0.134288	0.1302025	0.108225	0.016776	0.06931655	0.0689601
background844	0.1431065	0.138208	0.107076	0.0329839	0.0839338	0.0748131
background845	0.1132305	0.11145	0.104211	0.0804443	0.105234	0.0670696
background846	0.11384	0.1102345	0.103691	0.141036	0.0388294	0.0674209
background847	0.1378775	0.127063	0.105281	0.214631	0.05225405	0.0633641
background848	0.193099	0.1393235	0.0995824	0.000207195	0.07341595	0.067354
background849	0.0908134	0.114137	0.0971817	0.00784184	0.06909865	0.073527
background850	0.1311745	0.130368	0.102327	0.282613	0.05780945	0.0691711
background851	0.165652	0.118486	0.103804	0.0906447	0.06049115	0.0650701
background852	0.156824	0.110532	0.110532	-0.00731952	0.06110815	0.0630272
background853	0.1467975	0.13066	0.110532	0.0015323	0.057753	0.0643072
background854	0.1341925	0.10104635	0.103051	0.21451	0.0427274	0.0754483
background855	0.10160725	0.105076	0.11047	0.0835728	0.06745325	0.0730328
background856	0.112725	0.1283275	0.103051	0.0336223	0.03971825	0.0657692
background857	0.134891	0.1219545	0.103759	0.0367618	0.06390375	0.0688817
background858	0.0965761	0.125194	0.106439	0.0221139	0.0821644	0.0691037
background859	0.141068	0.121178	0.107699	0.238055	0.06809025	0.0706253
background860	0.1623625	0.1436835	0.100098	0.0206436	0.08172475	0.0686781
background861	0.1780885	0.134489	0.105279	-0.00024095	0.07371295	0.0754094
background862	0.1138565	0.111546	0.109627	0.0973912	0.04950735	0.0670395
background863	0.1068173	0.1174555	0.100292	0.0693614	0.06056255	0.0704467
background864	0.1479735	0.132323	0.100389	0.0957165	0.0760904	0.0636915
background865	0.109208	0.1087675	0.0983476	0.124254	0.0587754	0.0723219
background866	0.1537785	0.1048445	0.107763	0.00873066	0.0905293	0.0699724
background867	0.1118355	0.0965534	0.100389	-0.000312533	0.06367825	0.0642162
background868	0.109394	0.110242	0.104131	0.236536	0.04383685	0.0669688
background869	0.06679085	0.111039	0.0970652	0.222973	0.0836616	0.0704111
background870	0.158138	0.128772	0.104794	0.0740332	0.06089075	0.0732033
background871	0.1188375	0.1028205	0.103824	0.324025	0.0806506	0.0684623
background872	0.120729	0.0987804	0.103038	0.274377	0.0699929	0.0710668
background873	0.0805133	0.1348225	0.102666	0.0218956	0.05254295	0.0652574
background874	0.09565	0.1164185	0.10259	0.0493318	0.07470845	0.068655
background875	0.1591925	0.1210805	0.10259	0.0677461	0.0838135	0.0694454
background876	0.1480145	0.1097935	0.0989644	0.0425797	0.07382655	0.0737368
background877	0.1702545	0.1105815	0.104643	0.317616	0.0705431	0.0618639
background878	0.12543	0.117498	0.104211	0.0272544	0.0814464	0.06634
background879	0.155569	0.1253375	0.0997444	0.0128054	0.06214525	0.0685043
background880	0.114328	0.1282935	0.099963	0.0111296	0.09788405	0.0718548
background881	0.1223295	0.115253	0.099259	0.0797854	0.07570565	0.0643718
background882	0.1544915	0.0951868	0.103642	0.10711	0.0802767	0.0681744
background883	0.1704505	0.122226	0.105357	0.0351058	0.06971715	0.0772666
background884	0.1159845	0.1027605	0.103011	0.0210156	0.0835974	0.0684522
background885	0.107159	0.13268	0.102481	0.082101	0.0676931	0.073592
background886	0.1319005	0.130979	0.105841	-0.00604987	0.0586497	0.0670696
background887	0.1880615	0.107757	0.10047	0.0423786	0.0567937	0.0714286
background888	0.1471155	0.12248	0.104211	0.141893	0.0737588	0.067517
background889	0.1337145	0.10778	0.104167	0.0601133	0.05464645	0.0622463
background890	0.12203	0.1052635	0.11134	0.238498	0.0667156	0.0718548
background891	0.1081345	0.1186835	0.105875	0.371284	0.0889024	0.0694238
background892	0.124699	0.116639	0.10482	0.0147388	0.0665275	0.0721497
background893	0.177893	0.1315425	0.103653	0.0572684	0.09075025	0.0680595
background894	0.1361055	0.1360595	0.110532	0.0765444	0.0523516	0.0613942
background895	0.106229	0.118831	0.0983476	-0.00634224	0.04475575	0.0673727
background896	0.1723315	0.1092055	0.109335	0.235052	0.08316015	0.069498
background897	0.1603125	0.111451	0.0973923	0.0547376	0.0640637	0.0702878
background898	0.184769	0.109516	0.10047	0.0598512	0.07737345	0.0697126
background899	0.08875025	0.110875	0.104107	0.057715	0.04981265	0.0667541
background900	0.1125565	0.09406285	0.110231	-0.00640075	0.0681141	0.0667541
background901	0.1138725	0.10627	0.104156	-0.00010102	0.05394845	0.0710151
background902	0.177776	0.1173025	0.107123	0.226376	0.0670839	0.0673789
background903	0.166823	0.136995	0.105151	0.0225155	0.08706635	0.0748827
background904	0.110733	0.1327055	0.105414	0.351274	0.08491395	0.0710652
background905	0.1203255	0.113366	0.103334	0.044694	0.0594078	0.0681661
background906	0.2277355	0.11614	0.106413	0.0725461	0.0645431	0.0659529
background907	0.138155	0.1255935	0.0943304	0.378215	0.07232695	0.0653816
background908	0.126411	0.1215615	0.10259	0.0568738	0.0920897	0.0714286
background909	0.1324015	0.1178245	0.105307	0.0559476	0.0716603	0.0755337
background910	0.129617	0.09822145	0.102085	0.0172917	0.05606055	0.072489
background911	0.119074	0.1349805	0.104672	0.0437007	0.0891617	0.0744456
background912	0.164029	0.117304	0.101925	0.205424	0.05147945	0.0729469
background913	0.174407	0.122565	0.104678	0.0306122	0.0598235	0.0629414
background914	0.1601815	0.123221	0.106874	0.0491644	0.0720338	0.0702878
background915	0.11159575	0.1044925	0.0993839	0.289856	0.1012947	0.0729933
background916	0.1022332	0.105876	0.105911	0.139735	0.0599784	0.0695485
background917	0.1369	0.1150095	0.105792	-0.00973554	0.0636258	0.0674479
background918	0.1103995	0.1277175	0.103401	0.13971	0.07812475	0.0718548
background919	0.1437215	0.1141785	0.104675	0.0750325	0.0772204	0.0718548
background920	0.1585975	0.132873	0.105463	0.206599	0.04444175	0.0718548
background921	0.1633925	0.110264	0.102041	0.0313713	0.06918605	0.0698672
background922	0.133761	0.123504	0.105151	0.0264589	0.0651499	0.0727072
background923	0.114833	0.1184885	0.103921	0.174169	0.084929	0.0725451
background924	0.1470705	0.0987292	0.111135	0.302052	0.05620475	0.0625951
background925	0.1063965	0.120021	0.0984358	0.215921	0.07200985	0.0658905
background926	0.062692	0.108165	0.104211	0.0238483	0.09083855	0.0639926
background927	0.1114725	0.117893	0.103103	0.0576545	0.07799055	0.0659759
background928	0.1311625	0.124667	0.10259	0.0503393	0.08496005	0.0672487
background929	0.1249045	0.1315765	0.10259	0.0522363	0.0609857	0.0718548
background930	0.231365	0.102037	0.0989811	0.0929381	0.09011865	0.0685662
background931	0.115698	0.1292545	0.10047	0.0422113	0.06804765	0.0662012
background932	0.156531	0.108101	0.104675	-0.00109017	0.0595265	0.0761916
background933	0.12623	0.123017	0.110242	-0.00768047	0.07992805	0.0739679
background934	0.128312	0.1165095	0.105357	0.365269	0.0700146	0.0727291
background935	0.1454025	0.127933	0.102487	0.0365487	0.0732749	0.0667863
background936	0.140589	0.1210985	0.111367	0.233535	0.0984173	0.067499
background937	0.111755	0.1137165	0.107625	0.033597	0.0843773	0.068655
background938	0.1175505	0.102572	0.102041	0.0194235	0.0606551	0.0639695
background939	0.139034	0.136997	0.107891	0.0288093	0.0630172	0.0748827
background940	0.144807	0.12196	0.105875	0.314921	0.06267765	0.0699724
background941	0.0734571	0.1268675	0.101912	0.0373304	0.0722904	0.074432
background942	0.143573	0.10148	0.105835	0.163653	0.08573005	0.0681829
background943	0.117391	0.1149555	0.100849	0.0161897	0.0666344	0.0727547
background944	0.141714	0.1196795	0.0971817	0.158141	0.0622845	0.0681326
background945	0.113619	0.1025485	0.102971	0.0211743	0.07594965	0.0735459
background946	0.05548895	0.1031215	0.102128	0.0138484	0.0379862	0.0702878
background947	0.1276825	0.1007305	0.10379	0.0391679	0.0901128	0.069498
background948	0.163087	0.1174015	0.105208	0.0106174	0.07236715	0.0651025
background949	0.1651175	0.1043325	0.107699	0.025256	0.0641291	0.0742424
background950	0.147346	0.111306	0.100849	0.0834278	0.0675186	0.0725995
background951	0.156772	0.109567	0.0974468	0.0612072	0.08722355	0.0785305
background952	0.1837	0.1280235	0.106842	0.21437	0.069499	0.0738335
background953	0.1632055	0.1196045	0.103231	0.300363	0.06138645	0.0711578
background954	0.1244085	0.1209345	0.104738	0.0208225	0.06334355	0.0711277
background955	0.1342925	0.1068895	0.101988	0.0306122	0.0742632	0.0734897
background956	0.1387415	0.1345665	0.102041	0.0851731	0.08502965	0.0703798
background957	0.153745	0.116303	0.110142	0.0463308	0.05689615	0.0681744
background958	0.1329525	0.127334	0.105875	0.0837113	0.0670985	0.0746216
background959	0.1246835	0.111558	0.0963522	0.168365	0.05852895	0.0708494
background960	0.1474275	0.1325275	0.102462	0.196376	0.0738137	0.0718548
background961	0.114317	0.107736	0.10115	0.0753193	0.0853964	0.074066
background962	0.1570105	0.1049075	0.10259	0.101059	0.07515465	0.0739975
background963	0.2215	0.1170315	0.102041	0.0455917	0.0646508	0.0676178
background964	0.1288395	0.1019315	0.10259	0.210997	0.0706765	0.0753193
background965	0.1825125	0.1233715	0.101167	0.039062	0.07612485	0.0643208
background966	0.1830275	0.1469045	0.0995611	0.256952	0.0795715	0.070376
background967	0.124001	0.1395915	0.100849	0.0313694	0.06838665	0.081163
background968	0.1647075	0.1127785	0.0995677	0.00010203	0.0553007	0.0638029
background969	0.1587445	0.1197125	0.101888	0.0511239	0.08615465	0.0694454
background970	0.168718	0.121369	0.0974809	0.0942305	0.0723173	0.0681744
background971	0.140066	0.09636695	0.113652	0.0856448	0.0883804	0.0697107
background972	0.0618576	0.118418	0.105357	0.291706	0.0943187	0.0741363
background973	0.1591795	0.1135515	0.104408	0.0179525	0.06289025	0.0719507
background974	0.118427	0.118325	0.107932	0.265001	0.04793125	0.0670395
background975	0.1125865	0.136053	0.106271	0.103458	0.06354925	0.0681829
background976	0.1402795	0.122158	0.103051	0.101294	0.06895545	0.0704467
background977	0.126812	0.1162345	0.109549	0.0324285	0.08293315	0.0730328
background978	0.120303	0.1383085	0.104553	0.038413	0.08505155	0.0688924
background979	0.171524	0.1141915	0.102748	0.128263	0.083124	0.0691021
background980	0.1679085	0.132754	0.112833	0.00534049	0.06157715	0.0702878
background981	0.118115	0.126881	0.110532	0.0506804	0.05038195	0.0735459
background982	0.129011	0.1147285	0.10259	0.0465084	0.06072685	0.0658199
background983	0.194994	0.143847	0.111158	0.109302	0.09554065	0.068238
background984	0.1752165	0.1026965	0.103401	-4.94728e-05	0.07962545	0.0669029
background985	0.1482095	0.137526	0.105372	0.0269572	0.0425491	0.0702878
background986	0.141537	0.1157845	0.101956	0.0171964	0.07634465	0.0761706
background987	0.129077	0.120912	0.104211	0.0976293	0.06980045	0.0717634
background988	0.1219815	0.1066005	0.105151	0.0421878	0.0869511	0.0718548
background989	0.0760174	0.135193	0.101591	0.0488174	0.06081875	0.0770397
background990	0.0978761	0.0986414	0.103051	0.00751461	0.06668155	0.0693329
background991	0.1468095	0.121383	0.10683	0.315385	0.08318975	0.0716516
background992	0.2038515	0.129248	0.11134	0.0204349	0.0827644	0.0693089
background993	0.1158925	0.1015545	0.10259	0.348867	0.0634604	0.0714798
background994	0.1252075	0.1140375	0.10259	0.14533	0.05222065	0.0704289
background995	0.1370265	0.1288715	0.10149	-0.00717336	0.07135375	0.0699544
background996	0.122244	0.115274	0.102777	0.262778	0.0708104	0.0722651
background997	0.129396	0.116741	0.100712	0.0181333	0.061471	0.0657934
background998	0.158398	0.1221095	0.100355	0.0925504	0.0622087	0.0784707
background999	0.150051	0.100849	0.110532	-0.0063877	0.0641371	0.0681744
background1000	0.1352095	0.126972	0.105857	0.183958	0.07858905	0.0641496
