AllSNP.0.0001	AllSNP.0.001	AllSNP.0.01
True	0.046696	0.04413285	0.0626357
background1	0.0993097	0.08325365	0.0727094
background2	0.08547	0.07161625	0.0750494
background3	0.0514931	0.082101	0.072945
background4	0.0537438	0.0681318	0.0704741
background5	0.0503519	0.07295295	0.0672873
background6	0.0447296	0.08285365	0.0770397
background7	0.07441415	0.0727559	0.0750475
background8	0.0192668	0.06545955	0.0718548
background9	0.0614726	0.0708582	0.0717425
background10	0.0419674	0.0782853	0.074182
background11	0.0602126	0.08115535	0.0721892
background12	0.07369825	0.0805992	0.0730328
background13	0.0452332	0.07458655	0.0676127
background14	0.05744695	0.0611701	0.072489
background15	0.03970175	0.0772538	0.076827
background16	0.03318005	0.0835882	0.0725995
background17	0.0707576	0.09478815	0.0718548
background18	0.11241095	0.05979855	0.0774506
background19	0.06170225	0.06891645	0.0721518
background20	0.057241	0.08544145	0.074367
background21	0.05717535	0.06165995	0.0733599
background22	0.08030985	0.06898195	0.0733772
background23	0.0719121	0.06827345	0.0721535
background24	0.05989305	0.06631785	0.0693089
background25	0.04660875	0.07031615	0.0729589
background26	0.05093745	0.0688656	0.072489
background27	0.0687022	0.0716719	0.0736701
background28	0.0703834	0.07602535	0.0721892
background29	0.02645585	0.06726095	0.0725812
background30	0.0519727	0.07812795	0.0705723
background31	0.0700269	0.0748868	0.0721892
background32	0.0779035	0.07100045	0.0719814
background33	0.0560265	0.0819942	0.0725995
background34	0.0386909	0.0595546	0.0684271
background35	0.0347462	0.0697333	0.0732827
background36	0.0450915	0.06517465	0.0714218
background37	0.0294531	0.0693036	0.0760455
background38	0.02286705	0.07259885	0.073592
background39	0.05818875	0.0696455	0.0718608
background40	0.0553371	0.0836416	0.0698672
background41	0.07811385	0.07110955	0.0770397
background42	0.0286886	0.07010435	0.0709177
background43	0.0416089	0.06860255	0.0670696
background44	0.0380198	0.0682656	0.0737014
background45	0.03926125	0.0682487	0.0686036
background46	0.03503065	0.07920165	0.070706
background47	0.0771753	0.06222105	0.0730328
background48	0.0845822	0.0835346	0.0696844
background49	0.0597322	0.05906985	0.0751345
background50	0.03872815	0.06334895	0.072489
background51	0.0481165	0.07216345	0.0703687
background52	0.0511898	0.0618457	0.0721892
background53	0.112189	0.0754172	0.0718548
background54	0.03975815	0.0614695	0.0715786
background55	0.09654975	0.06636485	0.0763816
background56	0.0722407	0.0770322	0.0755137
background57	0.0598478	0.0686916	0.07316
background58	0.07521475	0.07586075	0.0693089
background59	0.0413842	0.06920785	0.0736701
background60	0.0383851	0.07001885	0.0702878
background61	0.0715274	0.0654851	0.0721925
background62	0.03707205	0.079133	0.0743804
background63	0.03917925	0.0614254	0.0718548
background64	0.01538325	0.06641005	0.0714286
background65	0.02520205	0.0642855	0.0698672
background66	0.0411338	0.0833938	0.0761471
background67	0.0761011	0.07260365	0.0732695
background68	0.0775669	0.06899865	0.0732723
background69	0.04937815	0.0874897	0.0744559
background70	0.0340443	0.0805442	0.0724916
background71	0.07510755	0.0770898	0.0702878
background72	0.04328835	0.06998605	0.070323
background73	0.07133445	0.06835375	0.0691778
background74	0.0824236	0.06589705	0.0730328
background75	0.07371705	0.06608775	0.0690461
background76	0.0669668	0.0709205	0.0718548
background77	0.1351445	0.06594305	0.0691853
background78	0.0832955	0.07790465	0.0721892
background79	0.0679997	0.0681985	0.0772765
background80	0.09459635	0.08374095	0.0702878
background81	0.02675175	0.071139	0.0732403
background82	0.0580507	0.070861	0.0702878
background83	0.05766965	0.0598726	0.0730328
background84	0.03894895	0.0621216	0.0711689
background85	0.0773487	0.08011635	0.0710011
background86	0.0633489	0.0716417	0.072896
background87	0.0394613	0.0691742	0.0718548
background88	0.127291	0.0592963	0.0750494
background89	0.05313395	0.0679696	0.0732827
background90	0.08501635	0.0778736	0.0730328
background91	0.07329625	0.06457775	0.0772765
background92	0.04837025	0.0572149	0.0705723
background93	0.0763427	0.08687905	0.0670696
background94	0.07832115	0.06968575	0.0669306
background95	0.0488901	0.0689806	0.0702878
background96	0.120375	0.0686312	0.0713102
background97	0.0700189	0.0865985	0.0716066
background98	0.03997525	0.0923461	0.0736701
background99	0.06335365	0.0693089	0.0685133
background100	0.0523785	0.06859215	0.0716527
background101	0.0551972	0.07064445	0.0739617
background102	0.06218335	0.0767413	0.0742424
background103	0.05750925	0.066221	0.0716066
background104	0.09612215	0.07723215	0.0730328
background105	0.0960439	0.06883335	0.0735459
background106	0.06495415	0.0689615	0.0754805
background107	0.0376215	0.0643026	0.0704642
background108	0.0663496	0.0690208	0.0722385
background109	0.0578414	0.0738411	0.0730328
background110	0.0349958	0.0700775	0.0696168
background111	0.0678372	0.07266215	0.0730328
background112	0.08927935	0.07498925	0.0733478
background113	0.04981275	0.0721719	0.0745714
background114	0.0564988	0.0765398	0.0718548
background115	0.0379708	0.07608845	0.0710135
background116	0.0405494	0.0779669	0.0714286
background117	0.06001945	0.0795439	0.0730328
background118	0.0228369	0.0707371	0.0718548
background119	0.0538322	0.0909905	0.0696586
background120	0.0873297	0.0723358	0.067264
background121	0.036863	0.06534135	0.0730328
background122	0.04643645	0.0566718	0.068655
background123	0.04739705	0.0619759	0.0749939
background124	0.03676975	0.07624665	0.0734661
background125	0.09184295	0.07552265	0.0718548
background126	0.09302855	0.06722425	0.0729731
background127	0.06389255	0.0733333	0.06944
background128	0.091775	0.06728605	0.0781098
background129	0.03278845	0.0697743	0.0803474
background130	0.0428587	0.06866155	0.0702878
background131	0.03608185	0.08050735	0.0692265
background132	0.03578315	0.07656665	0.0750122
background133	0.0864923	0.07866325	0.0718548
background134	0.06601975	0.08069295	0.0689194
background135	0.0660608	0.0716593	0.0716184
background136	0.07828775	0.05945135	0.0731395
background137	0.05042795	0.0605491	0.0726306
background138	0.05831015	0.0633623	0.0701654
background139	0.0780868	0.065188	0.0718548
background140	0.06836145	0.08838935	0.0768156
background141	0.04054045	0.0616135	0.0718548
background142	0.0399159	0.0785049	0.0707837
background143	0.05411295	0.0787892	0.0725451
background144	0.0347735	0.06354215	0.0730328
background145	0.0457616	0.0677822	0.0698672
background146	0.0713884	0.06571115	0.0702878
background147	0.0617613	0.0731327	0.0716942
background148	0.0576164	0.0821633	0.0745822
background149	0.0575421	0.0685469	0.0710011
background150	0.06464885	0.05853675	0.0683008
background151	0.0468818	0.07236375	0.0739206
background152	0.0757213	0.07804415	0.073537
background153	0.07081215	0.0661347	0.0735459
background154	0.04420205	0.0670696	0.0722385
background155	0.04193645	0.0818346	0.0735717
background156	0.0451431	0.08928345	0.0764875
background157	0.0379185	0.0762537	0.0733071
background158	0.0877472	0.07847415	0.0735662
background159	0.0303578	0.0702878	0.0718548
background160	0.05846605	0.08243415	0.0710652
background161	0.03723945	0.08978145	0.0680294
background162	0.0653775	0.0759493	0.0718548
background163	0.05427705	0.0721892	0.0723587
background164	0.0631733	0.05355785	0.0731028
background165	0.0465437	0.0770397	0.0745537
background166	0.0686248	0.08346065	0.0727665
background167	0.02342355	0.0877434	0.0758001
background168	0.0431812	0.0768078	0.0714286
background169	0.0544036	0.07613605	0.074367
background170	0.05137595	0.06946115	0.0714286
background171	0.07253905	0.0721719	0.0742424
background172	0.03254765	0.0893555	0.0749395
background173	0.0340097	0.0690424	0.0696799
background174	0.0681455	0.0629999	0.071745
background175	0.02915465	0.07139565	0.0670696
background176	0.065418	0.06679235	0.0736842
background177	0.07117995	0.06809015	0.0702878
background178	0.0585358	0.0703686	0.0718548
background179	0.0541165	0.06498985	0.0639354
background180	0.0452584	0.0683261	0.0693089
background181	0.04064535	0.07222715	0.0719507
background182	0.08708945	0.08105605	0.0738018
background183	0.0896713	0.0685842	0.0703532
background184	0.05378415	0.083644	0.0688924
background185	0.0718194	0.07146435	0.0725995
background186	0.0656874	0.0580076	0.0718548
background187	0.0217704	0.0868078	0.0707796
background188	0.0742113	0.06151265	0.0704741
background189	0.052784	0.06776915	0.0751372
background190	0.03978525	0.05476475	0.0726368
background191	0.08021205	0.0635768	0.0750958
background192	0.05382575	0.08026365	0.0698672
background193	0.07094935	0.07668935	0.0702878
background194	0.061404	0.05491895	0.0718548
background195	0.02034945	0.07348775	0.077858
background196	0.0723508	0.0558053	0.0768038
background197	0.08832365	0.07866985	0.0726368
background198	0.05812985	0.0692105	0.0713545
background199	0.0302574	0.07288495	0.0742424
background200	0.0869643	0.06248405	0.0710011
background201	0.04969705	0.07988465	0.0726387
background202	0.0601952	0.07697815	0.0694454
background203	0.0767405	0.07180255	0.0702878
background204	0.046688	0.0822876	0.0747051
background205	0.04334555	0.05884525	0.072489
background206	0.0615734	0.06151125	0.0730328
background207	0.0694622	0.0698765	0.0712699
background208	0.06159045	0.07066625	0.0730328
background209	0.03435135	0.07880045	0.0747527
background210	0.0629933	0.0861403	0.0718426
background211	0.0403064	0.06646675	0.0702878
background212	0.0468423	0.06926675	0.0725995
background213	0.0134797	0.08429585	0.0736701
background214	0.0624896	0.07606235	0.0707151
background215	0.1069598	0.0810218	0.0689568
background216	0.0458368	0.07323515	0.0760043
background217	0.0610185	0.0716417	0.0714286
background218	0.0798066	0.06691135	0.0745993
background219	0.08011635	0.0677296	0.0717377
background220	0.05684295	0.0771759	0.0706103
background221	0.09496055	0.0716417	0.0743237
background222	0.0468882	0.07368675	0.074066
background223	0.0657227	0.0766079	0.0669435
background224	0.04839115	0.0694844	0.072489
background225	0.0779027	0.0863329	0.0743625
background226	0.047918	0.0568738	0.0705538
background227	0.03261875	0.074985	0.0759803
background228	0.06582575	0.0760122	0.0718548
background229	0.024978	0.06272375	0.072489
background230	0.0472301	0.0841149	0.0726337
background231	0.04982235	0.0643448	0.072489
background232	0.04785075	0.08102785	0.0725995
background233	0.019906	0.07515465	0.0677648
background234	0.142411	0.08064325	0.0717323
background235	0.0727045	0.0668468	0.0725995
background236	0.0983832	0.08028345	0.0633879
background237	0.075633	0.08526885	0.0697107
background238	0.05285345	0.06604585	0.0760385
background239	0.00337486	0.0680864	0.0755598
background240	0.04068065	0.07389255	0.0718548
background241	0.05102105	0.0839072	0.0689335
background242	0.07479555	0.0752515	0.0727176
background243	0.0521759	0.0854217	0.0772765
background244	0.06582075	0.0664714	0.0739617
background245	0.02103335	0.0777032	0.0718548
background246	0.05841395	0.06625645	0.0702878
background247	0.0753334	0.0803474	0.0741412
background248	0.060238	0.082101	0.0751949
background249	0.1129665	0.0560471	0.0732013
background250	0.0486452	0.0783814	0.0717177
background251	0.0949199	0.07451685	0.0730328
background252	0.0513053	0.0802749	0.0750494
background253	0.03291085	0.07221385	0.0718548
background254	0.09822295	0.08011635	0.0730328
background255	0.0789762	0.07273075	0.0681245
background256	0.068653	0.07288095	0.0682134
background257	0.04441045	0.0591527	0.0718842
background258	0.0245578	0.0865328	0.0669647
background259	0.07050135	0.07132625	0.0735459
background260	0.0665994	0.06510145	0.074581
background261	0.08869985	0.0641111	0.0718548
background262	0.06270195	0.07280765	0.0668133
background263	0.0595862	0.0828457	0.0704191
background264	0.07740385	0.06771925	0.0741027
background265	0.08420485	0.06551935	0.0718548
background266	0.02175365	0.0596686	0.0736701
background267	0.0781868	0.0763613	0.0721892
background268	0.0673699	0.06374975	0.0702878
background269	0.07357795	0.08201445	0.0741135
background270	0.0526568	0.07632215	0.0645469
background271	0.108256	0.0666863	0.0718548
background272	0.0703545	0.0693976	0.0749395
background273	0.0696001	0.0723493	0.0735459
background274	0.0356404	0.07774305	0.069992
background275	0.04812025	0.0775468	0.0759019
background276	0.07944785	0.07335145	0.0702878
background277	0.0912437	0.072664	0.071743
background278	0.07261215	0.07707515	0.0718548
background279	0.08103085	0.0807921	0.0741363
background280	0.07298595	0.0824063	0.0736243
background281	0.0828024	0.0571687	0.0725995
background282	0.061933	0.0609682	0.0736311
background283	0.0659478	0.0796143	0.0702878
background284	0.0421175	0.06345615	0.0706847
background285	0.08750965	0.07514945	0.0690839
background286	0.1102665	0.07349725	0.0714359
background287	0.07978325	0.08301175	0.0710652
background288	0.0571825	0.0695983	0.0726586
background289	0.0701177	0.07604455	0.0737542
background290	0.04164885	0.08610425	0.073064
background291	0.03823235	0.07259885	0.0721892
background292	0.03909275	0.06722115	0.0718548
background293	0.0588377	0.0648131	0.0730328
background294	0.0952504	0.0753885	0.0729604
background295	0.054651	0.06666365	0.0693089
background296	0.1174755	0.09354815	0.0719456
background297	0.08011475	0.0682296	0.0704741
background298	0.04341345	0.0779762	0.072489
background299	0.07563845	0.07258365	0.0705723
background300	0.04928555	0.0603716	0.0734499
background301	0.04886325	0.0674172	0.0697165
background302	0.0516545	0.0757015	0.0687612
background303	0.02546545	0.0742745	0.0702878
background304	0.10548095	0.0697977	0.0707977
background305	0.0754238	0.07200985	0.0718548
background306	0.06327075	0.0713686	0.0694239
background307	0.01312375	0.08224595	0.0733599
background308	0.0619301	0.0782522	0.0726495
background309	0.0518272	0.0686767	0.0706059
background310	0.06518545	0.06084575	0.0739442
background311	0.0687699	0.06931495	0.0693089
background312	0.0222782	0.0526226	0.070866
background313	0.0649295	0.0763253	0.0758667
background314	0.0227579	0.0711452	0.0695561
background315	0.07957035	0.07045	0.0700626
background316	0.0281491	0.05847105	0.067756
background317	0.05692865	0.0707436	0.0766323
background318	0.0955201	0.0645555	0.0711578
background319	0.06041065	0.05958265	0.0737272
background320	0.09687715	0.06243055	0.073447
background321	0.05817835	0.0683557	0.0730328
background322	0.0653736	0.0709284	0.0701422
background323	0.06002475	0.07008255	0.0718548
background324	0.03123075	0.08551395	0.073973
background325	0.06884065	0.05915195	0.0752271
background326	0.04951915	0.07175985	0.0770397
background327	0.02802705	0.0712001	0.0797432
background328	0.0576918	0.07968875	0.0748602
background329	0.0268933	0.05867835	0.0754846
background330	0.0595421	0.0657539	0.0718548
background331	0.0315852	0.07372275	0.0736824
background332	0.0660283	0.08137375	0.0742457
background333	0.05880115	0.06229455	0.0698177
background334	0.03908925	0.07503625	0.0749613
background335	0.0171212	0.0691146	0.0757296
background336	0.05237735	0.06467725	0.0674081
background337	0.0716755	0.071763	0.0676127
background338	0.0861956	0.0748791	0.0694454
background339	0.05443875	0.08229	0.076128
background340	0.0748743	0.07881195	0.0718548
background341	0.03656375	0.07799355	0.0702878
background342	0.058913	0.07676505	0.0729295
background343	0.05608005	0.07376115	0.0693089
background344	0.083477	0.05882575	0.0730795
background345	0.0556774	0.05928965	0.0758557
background346	0.0501387	0.0798522	0.0755842
background347	0.06380975	0.06952495	0.0702878
background348	0.09015215	0.07710325	0.0772765
background349	0.1167718	0.07027375	0.0718548
background350	0.08071285	0.0824449	0.0730328
background351	0.0713218	0.06120475	0.0697492
background352	0.0757459	0.064058	0.0752142
background353	0.0120958	0.0745842	0.0647546
background354	0.0610061	0.0697593	0.0688924
background355	0.0750977	0.06859605	0.0803474
background356	0.02712955	0.06889055	0.0718548
background357	0.0376114	0.0726204	0.0718548
background358	0.0646077	0.06913565	0.0705723
background359	0.044925	0.06459975	0.0778565
background360	0.0465318	0.08461205	0.0688711
background361	0.0545535	0.0780502	0.0758669
background362	0.04668475	0.0695714	0.0731025
background363	0.07096005	0.07278895	0.0704323
background364	0.06647705	0.07522735	0.0725995
background365	0.0602466	0.07206995	0.0633084
background366	0.0927725	0.08081075	0.0738018
background367	0.05884655	0.07662565	0.0708213
background368	0.0389719	0.07006875	0.0718548
background369	0.06697755	0.07684335	0.0703763
background370	0.0545071	0.0772998	0.0708433
background371	0.0239008	0.0609225	0.0725812
background372	0.03768355	0.0770397	0.0688211
background373	0.06696935	0.07564105	0.0750365
background374	0.05604375	0.08304445	0.0704741
background375	0.06330765	0.07797055	0.0759904
background376	0.0711167	0.06728025	0.0721892
background377	0.05461555	0.0623163	0.0750494
background378	0.0301597	0.0691715	0.0714286
background379	0.07608855	0.0646734	0.0702878
background380	0.0545535	0.06196315	0.0744495
background381	0.09945225	0.07435785	0.0718548
background382	0.05879365	0.06990865	0.0730328
background383	0.0595422	0.06396675	0.0721892
background384	0.07344565	0.07103165	0.0683606
background385	0.0579849	0.0710233	0.0727076
background386	0.0670696	0.07739045	0.0728151
background387	0.05131575	0.0603485	0.0736701
background388	0.05613875	0.0813136	0.0727072
background389	0.0351495	0.0641659	0.065484
background390	0.06252145	0.06358685	0.0754846
background391	0.06517485	0.08213835	0.0704444
background392	0.0783925	0.06698625	0.07244
background393	0.05486935	0.0855769	0.0721892
background394	0.08600745	0.0817362	0.0740337
background395	0.07100895	0.06920155	0.0690461
background396	0.068354	0.0799723	0.0725461
background397	0.0427734	0.0839735	0.0750494
background398	0.04144555	0.0712833	0.0769321
background399	0.0169922	0.0612875	0.0719247
background400	0.05255285	0.0611081	0.0718289
background401	0.0579264	0.07376255	0.0745124
background402	0.045518	0.07456565	0.0742984
background403	0.072049	0.0570868	0.06608
background404	0.04178115	0.06052955	0.076599
background405	0.07475525	0.0739428	0.0729225
background406	0.06437415	0.0809913	0.072489
background407	0.077654	0.0783622	0.0714286
background408	0.0811382	0.06387585	0.0789921
background409	0.06162405	0.0807536	0.0719666
background410	0.02127475	0.0839148	0.0733599
background411	0.06271585	0.0713639	0.0702878
background412	0.0594834	0.0815063	0.0735662
background413	0.08854425	0.0698831	0.0708557
background414	0.10853905	0.0611418	0.0699078
background415	0.0566168	0.0807251	0.0699849
background416	0.0644563	0.05957815	0.0736701
background417	0.05682245	0.06457325	0.0718548
background418	0.05383095	0.06817325	0.0736842
background419	0.0633456	0.07194575	0.0730328
background420	0.05975425	0.0860085	0.0703736
background421	0.0681156	0.0745918	0.0744361
background422	0.05760945	0.0812242	0.0750365
background423	0.08656775	0.0723391	0.0681744
background424	0.06267815	0.06426615	0.0718548
background425	0.0781574	0.0657484	0.0800831
background426	0.0400413	0.07622665	0.0714359
background427	0.0202066	0.0513592	0.0692268
background428	0.05302045	0.07195085	0.072489
background429	0.1418645	0.0785472	0.0723018
background430	0.07450975	0.07401235	0.074705
background431	0.0742368	0.06964345	0.0693089
background432	0.0237029	0.05656945	0.0709126
background433	0.057394	0.07382335	0.0724777
background434	0.0354801	0.0640438	0.069498
background435	0.0615903	0.0721892	0.0714286
background436	0.0459752	0.07007135	0.0785305
background437	0.06441265	0.0825687	0.0673239
background438	0.0638667	0.07794505	0.0723901
background439	0.06281375	0.0688613	0.0701482
background440	0.049376	0.05530095	0.0701042
background441	0.0700512	0.06982605	0.0742949
background442	0.05984615	0.08139785	0.0747544
background443	0.04265655	0.0710011	0.0768307
background444	0.0296981	0.07087605	0.0741049
background445	0.03445785	0.0614663	0.0689601
background446	0.07692295	0.0658548	0.072489
background447	0.08079495	0.07970775	0.0712403
background448	0.0720697	0.05767265	0.0738981
background449	0.047976	0.0654808	0.0718419
background450	0.0319703	0.07121355	0.0718548
background451	0.059364	0.0763233	0.0738729
background452	0.06881255	0.0785305	0.0730328
background453	0.0588772	0.0719302	0.0730328
background454	0.0659135	0.07281755	0.0742424
background455	0.05175175	0.0704094	0.0705987
background456	0.0649763	0.0571684	0.0730328
background457	0.06566295	0.0829538	0.0670696
background458	0.0552949	0.0641192	0.0718548
background459	0.01314095	0.06395155	0.073251
background460	0.07901315	0.0677753	0.0676305
background461	0.03792855	0.0615468	0.071743
background462	0.0787771	0.06482495	0.0725242
background463	0.0410897	0.0710713	0.0738272
background464	0.04943495	0.0730154	0.0681744
background465	0.08890745	0.06647715	0.0681829
background466	0.0738795	0.070908	0.0710652
background467	0.0725958	0.07127185	0.0714286
background468	0.0566463	0.0672949	0.0736701
background469	0.07661025	0.082101	0.0715527
background470	0.06165175	0.06398155	0.0706848
background471	0.01697125	0.0744363	0.0738378
background472	0.0781445	0.0831671	0.0737498
background473	0.0514911	0.07453085	0.0726494
background474	0.04597105	0.05439825	0.0718548
background475	0.0373161	0.0656068	0.0669435
background476	0.08183005	0.06261945	0.0708695
background477	0.06356605	0.07378715	0.0736701
background478	0.06836965	0.0747262	0.0705056
background479	0.0377263	0.0774704	0.073592
background480	0.05588065	0.06036085	0.0691787
background481	0.0720099	0.07360765	0.0708979
background482	0.0675136	0.0909272	0.0753926
background483	0.02905695	0.06859535	0.0743791
background484	0.03302885	0.0898261	0.0754846
background485	0.0532898	0.0728283	0.0772765
background486	0.06201045	0.0716779	0.0734499
background487	0.0271741	0.0718548	0.0714286
background488	0.06724575	0.07047145	0.06944
background489	0.05914335	0.06671615	0.0738981
background490	0.03290345	0.06852635	0.0735459
background491	0.06808655	0.0674257	0.0702878
background492	0.0434321	0.0661929	0.0735459
background493	0.04932265	0.06300655	0.0713681
background494	0.0823836	0.05272475	0.0740404
background495	0.03658005	0.0874907	0.0712787
background496	0.0737801	0.08383245	0.0718548
background497	0.05733105	0.0815551	0.0702878
background498	0.06460575	0.0645636	0.0658199
background499	0.066101	0.08407625	0.0785305
background500	0.0742678	0.0803474	0.0698672
background501	0.0402908	0.06552615	0.0718548
background502	0.0502041	0.08823465	0.0691717
background503	0.0420198	0.0594287	0.0735948
background504	0.0379797	0.07096095	0.0650345
background505	0.0556359	0.06326295	0.0677648
background506	0.0422391	0.07156235	0.0703103
background507	0.06572005	0.0783945	0.0701422
background508	0.0439741	0.0968995	0.0708557
background509	0.0792907	0.07546955	0.0668133
background510	0.0255195	0.0754786	0.0716712
background511	0.0784173	0.08097515	0.0721649
background512	0.04579735	0.05805085	0.0720942
background513	0.114965	0.0670813	0.0735662
background514	0.0843878	0.07335705	0.0738155
background515	0.0531479	0.0641152	0.0727176
background516	0.0591436	0.07202415	0.0670032
background517	0.07234035	0.05658915	0.0702878
background518	0.05891255	0.0626495	0.0718548
background519	0.0593596	0.0705147	0.0727176
background520	0.0630507	0.0706479	0.0669029
background521	0.0635699	0.08095845	0.0716712
background522	0.0404682	0.0803474	0.0729093
background523	0.0361652	0.08777115	0.072489
background524	0.02435545	0.07850405	0.073497
background525	0.05815415	0.06337475	0.0666192
background526	0.06836215	0.06403245	0.0740073
background527	0.04147235	0.0690726	0.0721892
background528	0.053723	0.07029585	0.0772765
background529	0.0699938	0.08486405	0.0718548
background530	0.0456408	0.07300585	0.0702878
background531	0.03573205	0.07145045	0.0730328
background532	0.07895005	0.07379475	0.0747354
background533	0.0554829	0.0729277	0.0673789
background534	0.0534105	0.08276335	0.0716424
background535	0.07608815	0.06984215	0.0784707
background536	0.05510445	0.08252635	0.0763714
background537	0.0638452	0.0581332	0.0685599
background538	0.07170655	0.0784643	0.0702859
background539	0.0810346	0.06845715	0.0730328
background540	0.02503925	0.07021005	0.0674779
background541	0.04760195	0.07842235	0.0730328
background542	0.05795335	0.0761116	0.0742424
background543	0.0768726	0.07481505	0.072543
background544	0.06647735	0.06805385	0.0763321
background545	0.06589545	0.0710713	0.0718548
background546	0.0268771	0.07967205	0.072489
background547	0.04429235	0.06894255	0.0736701
background548	0.07042415	0.0732405	0.0704236
background549	0.0396754	0.06062515	0.0678542
background550	0.05480485	0.07341085	0.0693965
background551	0.04888855	0.0822216	0.0702878
background552	0.0200202	0.0843606	0.0723653
background553	0.02464845	0.07856055	0.0667885
background554	0.02246545	0.0712354	0.0703736
background555	0.0187429	0.0701739	0.0696991
background556	0.1047128	0.0742087	0.0718548
background557	0.082319	0.06540475	0.0768675
background558	0.07176235	0.0776192	0.0730328
background559	0.0417322	0.0789676	0.0718548
background560	0.0664194	0.0590637	0.0730328
background561	0.02993855	0.0757924	0.0724725
background562	0.0701454	0.0767166	0.070507
background563	0.05148405	0.06874705	0.0732827
background564	0.0379995	0.0731413	0.0718548
background565	0.0633208	0.07335875	0.0740848
background566	0.06845345	0.0787544	0.0772765
background567	0.0252383	0.06636485	0.0735459
background568	0.03143345	0.0763998	0.0679181
background569	0.0780869	0.07167925	0.0718548
background570	0.00985654	0.060531	0.072489
background571	0.0816089	0.0646982	0.0772765
background572	0.0462768	0.05843735	0.0768116
background573	0.04652115	0.07254955	0.0701422
background574	0.0587105	0.0653205	0.0707151
background575	0.0362429	0.06997465	0.0714286
background576	0.02350925	0.08639645	0.0741867
background577	0.0753176	0.0716272	0.0721892
background578	0.05740585	0.0662376	0.0774704
background579	0.1090365	0.07797145	0.0749534
background580	0.115578	0.0744225	0.0702878
background581	0.08099315	0.0739032	0.0727176
background582	0.0418448	0.07307365	0.0716018
background583	0.0556791	0.06548035	0.0693089
background584	0.03540055	0.06192295	0.0710011
background585	0.0278726	0.0675519	0.0702878
background586	0.03534265	0.0683133	0.0708494
background587	0.05564215	0.0709957	0.0745871
background588	0.0663537	0.07943895	0.0737542
background589	0.0969013	0.05976735	0.0708979
background590	0.03544305	0.0765415	0.0738018
background591	0.07881195	0.05700075	0.0726568
background592	0.08355115	0.07690765	0.0702878
background593	0.0448688	0.06927835	0.0785305
background594	0.06059215	0.0872245	0.0714359
background595	0.01887155	0.06954685	0.0718608
background596	0.0379982	0.06495145	0.0704741
background597	0.0565953	0.06485265	0.0718548
background598	0.05882815	0.07328935	0.0749305
background599	0.04337175	0.06561075	0.0752308
background600	0.0832113	0.0689454	0.0721892
background601	0.0726099	0.07500975	0.0736701
background602	0.1500505	0.0700863	0.072489
background603	0.08050335	0.07559485	0.0710652
background604	0.05443365	0.0716603	0.0749294
background605	0.06344795	0.07133145	0.072616
background606	0.0420581	0.06344925	0.0719669
background607	0.04632785	0.0814598	0.0702878
background608	0.0442669	0.064192	0.0695792
background609	0.0438406	0.06516435	0.0738473
background610	0.0384669	0.0710682	0.0765986
background611	0.05975615	0.0608008	0.0689824
background612	0.05005665	0.0896534	0.0727072
background613	0.0246711	0.0630753	0.0725995
background614	0.0200959	0.06671255	0.072489
background615	0.08258085	0.0888117	0.0744301
background616	0.05162835	0.06366475	0.068655
background617	0.0430712	0.05893865	0.0680059
background618	0.07851105	0.06736275	0.0688542
background619	0.0608711	0.0640091	0.0721892
background620	0.05633645	0.0642344	0.0742424
background621	0.03290185	0.0711789	0.0698672
background622	0.0110481	0.08755645	0.0702878
background623	0.0899712	0.0706881	0.0705232
background624	0.03520865	0.0831355	0.0749939
background625	0.0339651	0.07074905	0.0718548
background626	0.0608023	0.0659843	0.072489
background627	0.02925625	0.0710056	0.0702878
background628	0.0543107	0.0604417	0.0713261
background629	0.0398961	0.07402075	0.0713263
background630	0.0497084	0.0557769	0.071729
background631	0.03055675	0.0807679	0.0721892
background632	0.0137551	0.08273555	0.0722831
background633	0.0785336	0.08063335	0.070706
background634	0.03701085	0.0835561	0.0734879
background635	0.03318185	0.0743111	0.0720559
background636	0.08130245	0.0589115	0.0718548
background637	0.04692045	0.07083465	0.0693089
background638	0.02573375	0.08942355	0.0730328
background639	0.03851055	0.06797895	0.0741486
background640	0.0648025	0.06461855	0.0724533
background641	0.07714175	0.0801346	0.0694447
background642	0.07932525	0.0613608	0.0738378
background643	0.08234115	0.0735521	0.0756835
background644	0.03694405	0.08900555	0.0743649
background645	0.0851322	0.08407325	0.0728731
background646	0.0887672	0.0739172	0.0750494
background647	0.0530368	0.06040485	0.0772374
background648	0.05895005	0.0778976	0.0755905
background649	0.03351785	0.0814554	0.0682626
background650	0.08819905	0.07713815	0.0724721
background651	0.05362515	0.06910065	0.0715678
background652	0.0730054	0.0872704	0.0721892
background653	0.0600478	0.0718338	0.0702878
background654	0.06958185	0.0759117	0.0697834
background655	0.0212059	0.07881195	0.0702878
background656	0.054212	0.0717887	0.0702878
background657	0.067925	0.0797898	0.0711689
background658	0.0538281	0.0730328	0.0737816
background659	0.00655901	0.07158045	0.0729295
background660	0.05782975	0.0664852	0.0746875
background661	0.076774	0.08616075	0.0716089
background662	0.0550888	0.06008185	0.0742424
background663	0.053509	0.0664087	0.072489
background664	0.07642225	0.06815515	0.0681829
background665	0.009041275	0.06787575	0.0718548
background666	0.0686787	0.0790675	0.0755635
background667	0.0358641	0.0756242	0.0729604
background668	0.0528942	0.05678935	0.0759302
background669	0.00610773	0.078717	0.0760565
background670	0.0828775	0.0695034	0.0722824
background671	0.0376133	0.08234195	0.0702878
background672	0.0479491	0.0700775	0.0681829
background673	0.0387571	0.07781835	0.072489
background674	0.103907	0.0702878	0.0718548
background675	0.029602	0.0759325	0.069985
background676	0.010428305	0.07968875	0.0714286
background677	0.05130085	0.0805406	0.0718502
background678	0.11134	0.0715309	0.072489
background679	0.0412403	0.0757654	0.0710722
background680	0.03974535	0.0729237	0.0723018
background681	0.0328486	0.07130935	0.0772765
background682	0.0634595	0.08156715	0.0698593
background683	0.07139075	0.062543	0.073592
background684	0.055907	0.07456315	0.0748906
background685	0.1481315	0.0421902	0.0749719
background686	0.0549074	0.066859	0.0715128
background687	0.0533506	0.08423205	0.0719409
background688	0.03878335	0.0753148	0.0713547
background689	0.1084825	0.0710713	0.0650214
background690	0.05424925	0.0718548	0.0710652
background691	0.0728751	0.06866995	0.0748959
background692	0.0582158	0.0822173	0.0692001
background693	0.09621255	0.06421985	0.0729855
background694	0.08087495	0.0818876	0.0718548
background695	0.0503269	0.0780475	0.0702878
background696	0.06728795	0.079422	0.0705211
background697	0.0765691	0.06262995	0.0704006
background698	0.07711365	0.06769315	0.0740337
background699	0.0745256	0.0579286	0.0719507
background700	0.08265565	0.07029875	0.0727571
background701	0.08332215	0.06350125	0.0714286
background702	0.055135	0.0712821	0.0726387
background703	0.0450589	0.06118835	0.0718548
background704	0.041782	0.06992535	0.0718548
background705	0.07378215	0.07912555	0.068655
background706	0.06879735	0.07820055	0.06944
background707	0.07074645	0.0783733	0.0715822
background708	0.0616007	0.0607615	0.0713497
background709	0.0719789	0.0934695	0.0718548
background710	0.04229985	0.0833114	0.0713138
background711	0.05630455	0.07349245	0.0681829
background712	0.08157825	0.0773269	0.0717755
background713	0.0203065	0.06265665	0.0718548
background714	0.08307635	0.07557825	0.0710652
background715	0.03532215	0.0683143	0.0764504
background716	0.05440685	0.07970645	0.0736701
background717	0.02808565	0.0716534	0.0712403
background718	0.07840935	0.07091165	0.0736701
background719	0.05407595	0.08036985	0.0688211
background720	0.0419965	0.05954575	0.0722852
background721	0.09541735	0.06971605	0.0725027
background722	0.04811105	0.06998605	0.0764343
background723	0.04309925	0.07683815	0.0726337
background724	0.05796615	0.0779689	0.0730328
background725	0.052546	0.06374115	0.0714985
background726	0.0572909	0.0792079	0.0718548
background727	0.0459515	0.06047095	0.0688924
background728	0.08142225	0.07553655	0.0758884
background729	0.0438856	0.0836693	0.0785876
background730	0.04776715	0.07804905	0.0726207
background731	0.03513325	0.07431115	0.0722385
background732	0.07696425	0.05761735	0.0754857
background733	0.0743333	0.06417415	0.0702878
background734	0.05039745	0.08257815	0.0670696
background735	0.05402235	0.06189125	0.0710011
background736	0.06218615	0.0798516	0.0750302
background737	0.08522395	0.0684122	0.0722103
background738	0.05890535	0.07156555	0.0704741
background739	0.02774265	0.0723724	0.0738018
background740	0.0529076	0.06765215	0.0721892
background741	0.0412472	0.0839914	0.073527
background742	0.05677055	0.07858415	0.0718548
background743	0.0780097	0.0808479	0.0705723
background744	0.0558896	0.05651065	0.0746083
background745	0.0873573	0.0863514	0.0732695
background746	0.05392335	0.07236395	0.0743051
background747	0.0903699	0.07075305	0.0690222
background748	0.03846255	0.07315575	0.0718548
background749	0.06012295	0.06797715	0.0728731
background750	0.1253365	0.0694296	0.0730328
background751	0.0844553	0.06739095	0.0733071
background752	0.0625799	0.06979345	0.0737626
background753	0.10378745	0.06734115	0.0721892
background754	0.0224495	0.0774256	0.0706103
background755	0.0371126	0.0619269	0.0702878
background756	0.0640154	0.0756351	0.0764358
background757	0.06500825	0.0709845	0.0730328
background758	0.0588169	0.0942024	0.0750365
background759	0.058432	0.0590741	0.0733071
background760	0.08001955	0.07637155	0.072489
background761	0.03809445	0.0681943	0.0727072
background762	0.04699935	0.0775336	0.0729295
background763	0.08634675	0.0833187	0.0711277
background764	0.063838	0.07096015	0.0691711
background765	0.02939755	0.07920115	0.0737199
background766	0.0925118	0.06846965	0.0730328
background767	0.091339	0.07259885	0.0732307
background768	0.0702863	0.0626357	0.0761706
background769	0.05144555	0.07372835	0.0676352
background770	0.05317985	0.06779605	0.0705179
background771	0.0547483	0.07489815	0.0732239
background772	0.0717884	0.07562625	0.0744454
background773	0.06724525	0.07218405	0.072489
background774	0.03124955	0.06633325	0.069498
background775	0.0752973	0.07078685	0.0718548
background776	0.0663204	0.07599655	0.0696709
background777	0.04437685	0.0616655	0.06944
background778	0.05092575	0.0716603	0.0741743
background779	0.0707123	0.0680469	0.0735459
background780	0.03421545	0.07368585	0.0742424
background781	0.0442043	0.06412175	0.0772765
background782	0.06732015	0.0680969	0.0702878
background783	0.04465905	0.08055565	0.0731308
background784	0.0456592	0.0629748	0.071729
background785	0.0316701	0.0699768	0.0711298
background786	0.0356326	0.06839175	0.073592
background787	0.0164899	0.072399	0.0702878
background788	0.0669404	0.0734027	0.0735459
background789	0.0903229	0.0761565	0.0695792
background790	0.0510318	0.0652894	0.0710652
background791	0.0318031	0.0734018	0.0658199
background792	0.07515465	0.0616378	0.0714798
background793	0.0317018	0.072049	0.0718548
background794	0.025431	0.0724438	0.0701482
background795	0.0712098	0.06122935	0.0729604
background796	0.07318135	0.06202815	0.06977
background797	0.034358	0.07947405	0.0734945
background798	0.0543062	0.06719055	0.0691162
background799	0.0929487	0.072022	0.0738923
background800	0.03372975	0.06608485	0.0744495
background801	0.04527285	0.07715315	0.0732403
background802	0.09019955	0.0664086	0.0681877
background803	0.0249201	0.0701478	0.0714286
background804	0.051362	0.0835359	0.0681829
background805	0.07583635	0.0705563	0.0784329
background806	0.0501359	0.072489	0.074367
background807	0.0483377	0.0636915	0.07783
background808	0.05227465	0.09287635	0.0705179
background809	0.1321345	0.0732734	0.0702878
background810	0.0476285	0.08461625	0.0760227
background811	0.02650455	0.0595574	0.0718548
background812	0.0666794	0.0684869	0.0721892
background813	0.03758515	0.07457925	0.0732612
background814	0.0622534	0.05997525	0.0735459
background815	0.09655565	0.075635	0.0670358
background816	0.0745959	0.0897937	0.0749613
background817	0.0755242	0.07235155	0.0688538
background818	0.04137495	0.0704629	0.0712403
background819	0.05853365	0.0772765	0.0718548
background820	0.08598595	0.07501235	0.0763714
background821	0.0372911	0.07840495	0.0670696
background822	0.0427397	0.0673919	0.072896
background823	0.09351185	0.0732807	0.0702878
background824	0.0863132	0.05732595	0.0763714
background825	0.07689425	0.0692113	0.0741363
background826	0.0562461	0.06672435	0.0780269
background827	0.0440474	0.0597681	0.0754846
background828	0.03386385	0.06920005	0.0740488
background829	0.03995815	0.0580447	0.0718548
background830	0.0528189	0.0804144	0.0697126
background831	0.08121375	0.07156725	0.071032
background832	0.0488393	0.06817865	0.0702878
background833	0.02865215	0.0556323	0.0705439
background834	0.03141295	0.0700775	0.0724844
background835	0.054005	0.0692321	0.072489
background836	0.114483	0.0722862	0.0714286
background837	0.10469925	0.06312405	0.0770397
background838	0.0624789	0.0651865	0.0789035
background839	0.0567927	0.07386415	0.069498
background840	0.0615923	0.07061345	0.0714286
background841	0.07267165	0.0825296	0.0714286
background842	0.0779035	0.05518715	0.077154
background843	0.0793362	0.0727609	0.0718548
background844	0.0632221	0.06686615	0.0714286
background845	0.0344494	0.0757593	0.0747354
background846	0.04496675	0.06603955	0.0708936
background847	0.07490355	0.06803795	0.0715409
background848	0.082253	0.0718548	0.0729136
background849	0.0198069	0.06943045	0.0722385
background850	0.07919655	0.07335145	0.0723607
background851	0.0723995	0.0707597	0.0722385
background852	0.0956118	0.08437085	0.0716712
background853	0.04744675	0.077096	0.0718548
background854	0.07323365	0.0763091	0.0724721
background855	0.020776695	0.07835515	0.0718548
background856	0.05615655	0.0630618	0.0670358
background857	0.0447379	0.0620492	0.0705723
background858	0.05882675	0.06505055	0.0740229
background859	0.05305245	0.07524485	0.069498
background860	0.0728347	0.0684045	0.0730328
background861	0.0745491	0.07184185	0.0698672
background862	0.07222715	0.0766617	0.0725992
background863	0.04425525	0.06633895	0.0730328
background864	0.1049161	0.07333325	0.0730214
background865	0.0526868	0.07333195	0.0721892
background866	0.084976	0.07455595	0.0704467
background867	0.06978945	0.06180395	0.0718548
background868	0.04957685	0.0667611	0.071809
background869	0.0585358	0.0715858	0.0750494
background870	0.06114395	0.08723435	0.0750494
background871	0.0627315	0.0854191	0.0723479
background872	0.04138295	0.0745192	0.072489
background873	0.0511819	0.0604832	0.0735375
background874	0.06773345	0.0668444	0.0718548
background875	0.0357664	0.0803474	0.0730907
background876	0.05167875	0.07737675	0.0670696
background877	0.0753186	0.07108945	0.072489
background878	0.07226045	0.07511305	0.0693675
background879	0.0494253	0.0748631	0.0735459
background880	0.05841915	0.07373235	0.0689244
background881	0.0579853	0.0771321	0.0767151
background882	0.05202305	0.08047905	0.0726586
background883	0.0469187	0.05383725	0.0749395
background884	0.0358201	0.0696122	0.0718548
background885	0.0420209	0.0657545	0.0708628
background886	0.0423354	0.07203365	0.073216
background887	0.10041085	0.0701865	0.0722116
background888	0.09698535	0.0718548	0.0710652
background889	0.04611645	0.0817045	0.0742424
background890	0.03041065	0.06247965	0.0747449
background891	0.0723422	0.0501717	0.0681744
background892	0.04105355	0.0778249	0.0742424
background893	0.0489032	0.0852174	0.068627
background894	0.0818888	0.07055135	0.0754857
background895	0.05121835	0.07097205	0.0763714
background896	0.03166135	0.0805093	0.0714286
background897	0.0810836	0.0796215	0.0772765
background898	0.0491368	0.0850596	0.0729653
background899	0.07834715	0.0791443	0.0735459
background900	0.03931525	0.06551935	0.069596
background901	0.04674205	0.08373405	0.0715643
background902	0.04082995	0.07200365	0.0709892
background903	0.0410662	0.07725505	0.0718548
background904	0.0344935	0.07281615	0.069992
background905	0.036757	0.0750313	0.0737626
background906	0.02427115	0.0648533	0.0716066
background907	0.06991275	0.0751822	0.0701308
background908	0.042197	0.06703115	0.069992
background909	0.05139195	0.0723101	0.0730328
background910	0.067588	0.0771498	0.0732774
background911	0.09360205	0.0661833	0.0725995
background912	0.0874775	0.064666	0.0726586
background913	0.05470255	0.07302525	0.0701156
background914	0.0236217	0.06021455	0.0737266
background915	0.0580092	0.06853175	0.0734011
background916	0.0608153	0.07847265	0.073216
background917	0.07314935	0.09011795	0.0694527
background918	0.0437361	0.0679404	0.0718915
background919	0.1272295	0.08356175	0.0725027
background920	0.0583169	0.07151185	0.0719507
background921	0.03619225	0.0702908	0.0718548
background922	0.01950705	0.0743599	0.0742424
background923	0.07729085	0.07502075	0.0725793
background924	0.023446	0.06685905	0.0714286
background925	0.0334233	0.0596974	0.0674209
background926	0.0757222	0.06357165	0.0704741
background927	0.04310325	0.0701088	0.0750344
background928	0.06930605	0.06740535	0.0725995
background929	0.0348837	0.06523275	0.0693089
background930	0.06346445	0.07638055	0.073056
background931	0.04220725	0.08960595	0.0720827
background932	0.1165155	0.07737345	0.0756106
background933	0.0393296	0.0682099	0.0736701
background934	0.05352275	0.05963045	0.0681744
background935	0.04840465	0.0651672	0.0721892
background936	0.07532285	0.068823	0.0639726
background937	0.04047535	0.06422605	0.0797688
background938	0.07213325	0.07330215	0.0702878
background939	0.06483875	0.05604155	0.0702878
background940	0.0404387	0.05769145	0.0736568
background941	0.0367692	0.05926845	0.0718548
background942	0.06705585	0.08403815	0.0657596
background943	0.0488707	0.05827135	0.0669029
background944	0.03397755	0.0569626	0.0736701
background945	0.0602435	0.07036825	0.0730328
background946	0.06765495	0.05956405	0.0704741
background947	0.05645875	0.05859905	0.0735459
background948	0.0844055	0.06142335	0.0718548
background949	0.0394685	0.0626357	0.0712403
background950	0.04818585	0.05103235	0.0694454
background951	0.10031285	0.076142	0.0695792
background952	0.0700243	0.0668124	0.074796
background953	0.06391055	0.0830109	0.0736375
background954	0.0769779	0.0728979	0.0681744
background955	0.04291595	0.08745855	0.073784
background956	0.05039835	0.06557535	0.0758884
background957	0.0944103	0.0657613	0.0694239
background958	0.0728344	0.06276705	0.0711313
background959	0.0913815	0.05763035	0.0725451
background960	0.02847855	0.0767186	0.0698672
background961	0.07526465	0.0816441	0.0756808
background962	0.08068695	0.07111015	0.0730616
background963	0.06997845	0.0734173	0.0724844
background964	0.1239235	0.0629076	0.071087
background965	0.0495634	0.0803242	0.0722385
background966	0.010516575	0.0736376	0.0730328
background967	0.0894088	0.0677037	0.0718548
background968	0.03959675	0.06542095	0.0673727
background969	0.0733364	0.0822616	0.0730328
background970	0.06249605	0.06145065	0.0741364
background971	0.0344074	0.08356745	0.0710011
background972	0.0520936	0.0671906	0.0691457
background973	0.0993514	0.06479635	0.0726586
background974	0.0938771	0.0669045	0.0739496
background975	0.03895005	0.07084875	0.068655
background976	0.05362205	0.06948465	0.068655
background977	0.0498188	0.062617	0.0714286
background978	0.0780114	0.0687641	0.0772765
background979	0.0757321	0.0709364	0.0699724
background980	0.06305985	0.0695562	0.0681744
background981	0.1498315	0.07706965	0.0720663
background982	0.0430429	0.080408	0.0718548
background983	0.07295185	0.07253675	0.0734228
background984	0.04237505	0.0614237	0.0685687
background985	0.071768	0.06001735	0.0718548
background986	0.06244905	0.0516986	0.0730532
background987	0.0810339	0.06314025	0.0716546
background988	0.06474255	0.08052535	0.0718548
background989	0.049266	0.0787173	0.072489
background990	0.04779035	0.08077825	0.0702878
background991	0.0673419	0.0627527	0.0701422
background992	0.0704148	0.06791835	0.0742424
background993	0.06287285	0.07421305	0.0720827
background994	0.1053351	0.06448515	0.0714276
background995	0.05378745	0.06592285	0.0719694
background996	0.09908995	0.072281	0.0706122
background997	0.07163455	0.07869355	0.071729
background998	0.0949865	0.0789476	0.0702878
background999	0.0405311	0.072022	0.0687009
background1000	0.0621022	0.06706475	0.0718125
